# timestamp tx ty tz qx qy qz qw
1775793240.643544 0.27385133504867554 -0.1772627830505371 -0.042326271533966064 -0.014506909064948559 -0.042589277029037476 0.08503518253564835 0.995361864566803
1775793240.710271 0.2736382484436035 -0.17726993560791016 -0.042168617248535156 -0.014539736323058605 -0.04257223382592201 0.08502382040023804 0.9953630566596985
1775793240.776827 0.27363336086273193 -0.1773301362991333 -0.04211437702178955 -0.014546774327754974 -0.042576730251312256 0.08503119647502899 0.9953622221946716
1775793240.843535 0.2736433148384094 -0.17732995748519897 -0.0422171950340271 -0.01452213991433382 -0.042585115879774094 0.08504953235387802 0.9953606128692627
1775793240.910061 0.2736234664916992 -0.17730462551116943 -0.04221397638320923 -0.014512496069073677 -0.042572058737277985 0.08505517989397049 0.995360791683197
1775793241.043570 0.27346324920654297 -0.17725896835327148 -0.04202687740325928 -0.014578141272068024 -0.0425659716129303 0.08501896262168884 0.9953632354736328
1775793241.176917 0.27370864152908325 -0.17731523513793945 -0.04223054647445679 -0.014530375599861145 -0.04258841276168823 0.08504017442464828 0.9953610897064209
1775793241.243540 0.2735099792480469 -0.1772698163986206 -0.042226314544677734 -0.014505965635180473 -0.042571771889925 0.08503016829490662 0.9953630566596985
1775793241.310066 0.2734541893005371 -0.17736244201660156 -0.04206418991088867 -0.014550390653312206 -0.042556922882795334 0.08503407984972 0.9953627586364746
1775793241.376911 0.273681640625 -0.17731475830078125 -0.04220390319824219 -0.014501105062663555 -0.04255674034357071 0.08505053073167801 0.9953620433807373
1775793241.443544 0.2735598683357239 -0.1773274540901184 -0.04217559099197388 -0.014514276757836342 -0.042562492191791534 0.08503689616918564 0.9953627586364746
1775793241.510379 0.2734706401824951 -0.17738580703735352 -0.042050063610076904 -0.014552002772688866 -0.04253987967967987 0.08503220975399017 0.9953635931015015
1775793241.576941 0.27344250679016113 -0.17721712589263916 -0.042246341705322266 -0.014486134983599186 -0.042571064084768295 0.08503220975399017 0.9953632354736328
1775793241.710615 0.27352482080459595 -0.17731702327728271 -0.04210406541824341 -0.014540573582053185 -0.04256255924701691 0.0850367322564125 0.995362401008606
1775793241.776959 0.273486852645874 -0.1772458553314209 -0.04222363233566284 -0.014501996338367462 -0.04256570339202881 0.08502697199583054 0.9953636527061462
1775793241.843567 0.2734769582748413 -0.17738157510757446 -0.04210865497589111 -0.014548133127391338 -0.04256594553589821 0.08503622561693192 0.9953622221946716
1775793241.910098 0.27363425493240356 -0.17738080024719238 -0.04202926158905029 -0.014570239000022411 -0.04255565255880356 0.08503366261720657 0.9953625202178955
1775793241.976942 0.273540198802948 -0.17725014686584473 -0.04216378927230835 -0.014529673382639885 -0.04255475103855133 0.08503181487321854 0.9953632950782776
1775793242.043583 0.2735239863395691 -0.1773204803466797 -0.04212111234664917 -0.014558517374098301 -0.04256625100970268 0.08501601964235306 0.995363712310791
1775793242.176978 0.27363449335098267 -0.17721378803253174 -0.04216736555099487 -0.014529175125062466 -0.0425763837993145 0.08501428365707397 0.9953638911247253
1775793242.243581 0.2736421227455139 -0.1772099733352661 -0.04221463203430176 -0.014538035728037357 -0.04258374124765396 0.08500908315181732 0.9953638911247253
1775793242.310222 0.27360838651657104 -0.17731529474258423 -0.04221367835998535 -0.01452117320150137 -0.04257458075881004 0.08503709733486176 0.9953621625900269
1775793242.376980 0.27349889278411865 -0.1773287057876587 -0.042075932025909424 -0.014535090886056423 -0.04254094883799553 0.0850391834974289 0.995363175868988
1775793242.443467 0.27361029386520386 -0.17739880084991455 -0.04201805591583252 -0.014590422622859478 -0.042563002556562424 0.08501345664262772 0.9953636527061462
1775793242.510357 0.273698627948761 -0.17728745937347412 -0.04217123985290527 -0.014540880918502808 -0.0425800085067749 0.08503274619579315 0.9953619837760925
1775793242.643495 0.2736891508102417 -0.1772850751876831 -0.042195022106170654 -0.014510673470795155 -0.04256826266646385 0.08504735678434372 0.9953616857528687
1775793242.710342 0.27349019050598145 -0.17735564708709717 -0.04213428497314453 -0.014552597887814045 -0.042578794062137604 0.0850219652056694 0.9953627586364746
1775793242.777099 0.2733285427093506 -0.1773383617401123 -0.042059481143951416 -0.01455641258507967 -0.042550649493932724 0.0850142389535904 0.9953646063804626
1775793242.843485 0.27392899990081787 -0.17728358507156372 -0.042349815368652344 -0.014508464373648167 -0.04259307309985161 0.08503974974155426 0.9953612685203552
1775793242.910758 0.2736552953720093 -0.17725956439971924 -0.042182981967926025 -0.014509410597383976 -0.04256898909807205 0.08503282815217972 0.9953629374504089
1775793242.977005 0.2735522985458374 -0.17724382877349854 -0.04213976860046387 -0.014543977566063404 -0.042559344321489334 0.08501230180263519 0.9953645467758179
1775793243.043392 0.27344053983688354 -0.17729496955871582 -0.042168617248535156 -0.014500941149890423 -0.04254492372274399 0.08504750579595566 0.9953628182411194
1775793243.110383 0.273623526096344 -0.17724215984344482 -0.042214393615722656 -0.014509647153317928 -0.042561233043670654 0.08501607179641724 0.9953646659851074
1775793243.176982 0.2733950614929199 -0.1773558259010315 -0.042063891887664795 -0.01455496996641159 -0.042548734694719315 0.08502289652824402 0.9953639507293701
1775793243.243504 0.27358168363571167 -0.17733240127563477 -0.04211384057998657 -0.014555277302861214 -0.0425613708794117 0.08502262085676193 0.9953634738922119
1775793243.310370 0.2735856771469116 -0.17733943462371826 -0.04201364517211914 -0.014581953175365925 -0.04256828874349594 0.08502426743507385 0.9953626394271851
1775793243.443489 0.2737356424331665 -0.1773320436477661 -0.04216599464416504 -0.014550317078828812 -0.04256564751267433 0.08503272384405136 0.9953624606132507
1775793243.510382 0.27363646030426025 -0.177270770072937 -0.04224175214767456 -0.014525574631989002 -0.042585428804159164 0.08502630144357681 0.9953625202178955
1775793243.577008 0.2735981345176697 -0.17725026607513428 -0.04224890470504761 -0.014541092328727245 -0.042599111795425415 0.08501133322715759 0.9953629970550537
1775793243.676900 0.27356892824172974 -0.17733275890350342 -0.04215294122695923 -0.014535456895828247 -0.04257127642631531 0.08503282070159912 0.9953624606132507
1775793243.710381 0.2735624313354492 -0.17738795280456543 -0.0421144962310791 -0.01454744953662157 -0.04256710782647133 0.08502820879220963 0.9953628182411194
1775793243.777021 0.2737758755683899 -0.1773136854171753 -0.04214143753051758 -0.014555787667632103 -0.042571861296892166 0.08502263575792313 0.9953629970550537
1775793243.843531 0.27356719970703125 -0.1772071123123169 -0.04208594560623169 -0.0145496791228652 -0.04255640506744385 0.08501574397087097 0.9953643083572388
1775793243.910594 0.2736360430717468 -0.17734575271606445 -0.04209089279174805 -0.014556004665791988 -0.042567308992147446 0.08504071086645126 0.9953616261482239
1775793243.977035 0.2736492156982422 -0.1772538423538208 -0.04204493761062622 -0.014588765799999237 -0.04257691651582718 0.0849982276558876 0.9953643679618835
1775793244.043644 0.27338147163391113 -0.17736852169036865 -0.0419543981552124 -0.014573415741324425 -0.04255291819572449 0.08501709252595901 0.9953640103340149
1775793244.110420 0.2736648917198181 -0.17735767364501953 -0.04198455810546875 -0.014606439508497715 -0.04255899414420128 0.08501755446195602 0.9953632354736328
1775793244.176911 0.2736319303512573 -0.17735564708709717 -0.0420689582824707 -0.014581719413399696 -0.04256663843989372 0.08499554544687271 0.9953651428222656
1775793244.243773 0.27349406480789185 -0.17727375030517578 -0.04197394847869873 -0.01454366184771061 -0.04253162443637848 0.08503945171833038 0.9953634738922119
1775793244.311577 0.27347350120544434 -0.17731618881225586 -0.04204452037811279 -0.014565466903150082 -0.042553503066301346 0.08501017093658447 0.9953646659851074
1775793244.376915 0.2735937833786011 -0.177415132522583 -0.04204457998275757 -0.01457439549267292 -0.04256386682391167 0.0850510448217392 0.9953606128692627
1775793244.443781 0.27352821826934814 -0.17721033096313477 -0.042220354080200195 -0.01450751069933176 -0.042576126754283905 0.08502856642007828 0.9953629970550537
1775793244.510661 0.27361613512039185 -0.177404522895813 -0.04205656051635742 -0.014584938995540142 -0.04257199540734291 0.08501753211021423 0.9953629970550537
1775793244.643800 0.2735506296157837 -0.17741960287094116 -0.042076289653778076 -0.014573059044778347 -0.042581044137477875 0.08502790331840515 0.9953619241714478
1775793244.710595 0.2735796570777893 -0.17738664150238037 -0.0421600341796875 -0.014545390382409096 -0.042574331164360046 0.08503330498933792 0.9953621029853821
1775793244.777470 0.273557186126709 -0.1773775815963745 -0.04199862480163574 -0.014588208869099617 -0.042556796222925186 0.08499978482723236 0.9953650832176208
1775793244.910443 0.2736363410949707 -0.17725801467895508 -0.042129576206207275 -0.014564897865056992 -0.04257993400096893 0.08499729633331299 0.9953646659851074
1775793244.976944 0.27350109815597534 -0.17731082439422607 -0.042118728160858154 -0.014555936679244041 -0.04257212206721306 0.08502666652202606 0.9953626394271851
1775793245.043797 0.2734837532043457 -0.17743492126464844 -0.04206717014312744 -0.014582929201424122 -0.042566798627376556 0.08502230048179626 0.9953628182411194
1775793245.110803 0.2734919786453247 -0.17731636762619019 -0.04216080904006958 -0.014507164247334003 -0.04255407303571701 0.08505204319953918 0.9953619241714478
1775793245.177794 0.2733694314956665 -0.17732632160186768 -0.04204672574996948 -0.014572649262845516 -0.042553722858428955 0.08500313013792038 0.9953651428222656
1775793245.243823 0.27367281913757324 -0.17736947536468506 -0.04204142093658447 -0.014581647701561451 -0.04256342351436615 0.0850275307893753 0.9953625798225403
1775793245.310435 0.27357614040374756 -0.17733335494995117 -0.042039334774017334 -0.014573906548321247 -0.042559511959552765 0.08501638472080231 0.9953637719154358
1775793245.376969 0.27361392974853516 -0.1773226261138916 -0.04217761754989624 -0.014557729475200176 -0.04256695881485939 0.08503162115812302 0.995362401008606
1775793245.443818 0.27342867851257324 -0.17737078666687012 -0.04203951358795166 -0.014559605158865452 -0.042533066123723984 0.08503870666027069 0.9953632354736328
1775793245.510442 0.27341020107269287 -0.17739808559417725 -0.04202395677566528 -0.014560665003955364 -0.042547836899757385 0.08502505719661713 0.995363712310791
1775793245.576942 0.2737434506416321 -0.17734813690185547 -0.04205232858657837 -0.014550204388797283 -0.04255169257521629 0.08503028005361557 0.9953632950782776
1775793245.643831 0.27365225553512573 -0.177301287651062 -0.04214721918106079 -0.01455252431333065 -0.04256610572338104 0.0850287452340126 0.9953627586364746
1775793245.743823 0.2735655903816223 -0.17728650569915771 -0.04214733839035034 -0.014541424810886383 -0.04256817698478699 0.08500862866640091 0.9953645467758179
1775793245.877084 0.2736045718193054 -0.1773761510848999 -0.04199707508087158 -0.01457893569022417 -0.042547956109046936 0.08503405749797821 0.9953626990318298
1775793245.943842 0.2734026312828064 -0.17738115787506104 -0.042041242122650146 -0.014570560306310654 -0.042567986994981766 0.08503472059965134 0.9953619241714478
1775793246.010339 0.27350491285324097 -0.1774141788482666 -0.04198509454727173 -0.014600950293242931 -0.04256591945886612 0.08502277731895447 0.9953625798225403
1775793246.077206 0.2737486958503723 -0.17738181352615356 -0.042164504528045654 -0.014567861333489418 -0.04258517175912857 0.08502393215894699 0.9953621625900269
1775793246.143838 0.2735917568206787 -0.177345871925354 -0.042140305042266846 -0.014540525153279305 -0.042563699185848236 0.0850447341799736 0.9953616857528687
1775793246.277621 0.27367979288101196 -0.17729270458221436 -0.0420989990234375 -0.014569775201380253 -0.04256167262792587 0.08502362668514252 0.9953631162643433
1775793246.343849 0.27358484268188477 -0.17737984657287598 -0.042063891887664795 -0.014576837420463562 -0.04255957901477814 0.08502817898988724 0.9953627586364746
1775793246.410329 0.27357029914855957 -0.17726588249206543 -0.04210865497589111 -0.014584255404770374 -0.04258311167359352 0.08499626815319061 0.9953643679618835
1775793246.477381 0.27349501848220825 -0.17736494541168213 -0.042075276374816895 -0.01454780250787735 -0.04254760220646858 0.08504210412502289 0.9953624606132507
1775793246.543855 0.27358031272888184 -0.17734181880950928 -0.04211503267288208 -0.014557883143424988 -0.04255598038434982 0.08502829819917679 0.995363175868988
1775793246.610402 0.27364587783813477 -0.1773601770401001 -0.04213148355484009 -0.01458015013486147 -0.042586054652929306 0.08501473069190979 0.9953626990318298
1775793246.677238 0.2736364006996155 -0.17734813690185547 -0.0420680046081543 -0.014573229476809502 -0.04256781190633774 0.08502892404794693 0.995362401008606
1775793246.743864 0.2735314965248108 -0.17737269401550293 -0.04204356670379639 -0.014569356106221676 -0.04255838692188263 0.08503752201795578 0.9953621029853821
1775793246.810362 0.27350670099258423 -0.17729926109313965 -0.04209810495376587 -0.014543633908033371 -0.04255681857466698 0.08502894639968872 0.9953632950782776
1775793246.877343 0.2736120820045471 -0.1773470640182495 -0.04195892810821533 -0.014627610333263874 -0.04256599023938179 0.08499416708946228 0.9953646063804626
1775793247.010405 0.27357274293899536 -0.17742371559143066 -0.04195225238800049 -0.014648444019258022 -0.042576368898153305 0.08501138538122177 0.995362401008606
1775793247.077339 0.2736093997955322 -0.17737054824829102 -0.04206365346908569 -0.014570752158761024 -0.04256855323910713 0.08502861112356186 0.995362401008606
1775793247.143876 0.2738475203514099 -0.17733347415924072 -0.04199892282485962 -0.014649486169219017 -0.04258396476507187 0.08497334271669388 0.9953653216362
1775793247.210404 0.27353131771087646 -0.17731428146362305 -0.04197108745574951 -0.014593490399420261 -0.042535003274679184 0.08499006927013397 0.9953667521476746
1775793247.277259 0.27372145652770996 -0.17741847038269043 -0.04205012321472168 -0.014591860584914684 -0.042558085173368454 0.08502808213233948 0.9953625798225403
1775793247.343753 0.2735896110534668 -0.17747563123703003 -0.041978657245635986 -0.014601140283048153 -0.042558930814266205 0.08502707630395889 0.9953625202178955
1775793247.410511 0.2736165523529053 -0.1774604320526123 -0.042018115520477295 -0.014616169035434723 -0.042579758912324905 0.08501609414815903 0.9953623414039612
1775793247.477266 0.2734938859939575 -0.17732775211334229 -0.04200202226638794 -0.014618187211453915 -0.04257076606154442 0.08498221635818481 0.995365560054779
1775793247.545823 0.2735787034034729 -0.17738080024719238 -0.04201376438140869 -0.014580857008695602 -0.04255446419119835 0.08502421528100967 0.995363175868988
1775793247.610566 0.27361977100372314 -0.17741048336029053 -0.04212379455566406 -0.014582360163331032 -0.0425817035138607 0.08501436561346054 0.9953628778457642
1775793247.677272 0.2736812233924866 -0.17737221717834473 -0.04201817512512207 -0.014606126584112644 -0.04256313666701317 0.0850144773721695 0.9953632950782776
1775793247.810705 0.2736016511917114 -0.17746233940124512 -0.04199403524398804 -0.014608968049287796 -0.04255089908838272 0.08503810316324234 0.9953617453575134
1775793247.877293 0.27366769313812256 -0.17728900909423828 -0.04201984405517578 -0.014610818587243557 -0.04256203770637512 0.08498535305261612 0.9953657984733582
1775793247.943781 0.273693323135376 -0.17741751670837402 -0.04208308458328247 -0.014586174860596657 -0.0425712876021862 0.08503352850675583 0.9953616857528687
1775793248.010705 0.27373796701431274 -0.1774858832359314 -0.04201507568359375 -0.01462090015411377 -0.04258325323462486 0.08502362668514252 0.9953614473342896
1775793248.077291 0.273539662361145 -0.17742109298706055 -0.041989147663116455 -0.014575967565178871 -0.04255010932683945 0.08503460884094238 0.9953625798225403
1775793248.143788 0.2736085057258606 -0.17742443084716797 -0.04199296236038208 -0.014612933620810509 -0.04256200045347214 0.08500489592552185 0.9953640699386597
1775793248.210676 0.27359282970428467 -0.17742514610290527 -0.04211181402206421 -0.014583652839064598 -0.042585063725709915 0.08503556251525879 0.9953608512878418
1775793248.277836 0.27346962690353394 -0.17740154266357422 -0.04194861650466919 -0.014619173482060432 -0.04256397858262062 0.08499330282211304 0.9953649044036865
1775793248.343791 0.2736143469810486 -0.1773233413696289 -0.0420343279838562 -0.01457385253161192 -0.0425657257437706 0.08503179252147675 0.9953622221946716
1775793248.411277 0.2736338973045349 -0.17732977867126465 -0.04202067852020264 -0.014611068181693554 -0.04259780794382095 0.08499888330698013 0.9953631162643433
1775793248.477312 0.2735762596130371 -0.17740046977996826 -0.04205012321472168 -0.01461357343941927 -0.04257583990693092 0.08499599248170853 0.995364248752594
1775793248.543795 0.27357202768325806 -0.1773521900177002 -0.04201996326446533 -0.01462986133992672 -0.04257765784859657 0.08499680459499359 0.9953638315200806
1775793248.610693 0.2734363079071045 -0.17739367485046387 -0.0419541597366333 -0.014607383869588375 -0.04255583882331848 0.08500301837921143 0.9953646063804626
1775793248.677310 0.27363520860671997 -0.17734253406524658 -0.04196900129318237 -0.014615903608500957 -0.04256385937333107 0.08500003069639206 0.9953643679618835
1775793248.743802 0.2735627293586731 -0.17735469341278076 -0.041906118392944336 -0.014639416709542274 -0.042561620473861694 0.08498645573854446 0.9953652620315552
1775793248.810675 0.2738211154937744 -0.17733526229858398 -0.042124271392822266 -0.014586483128368855 -0.042584944516420364 0.08501419425010681 0.9953626990318298
1775793248.877524 0.2736414670944214 -0.17740976810455322 -0.04206198453903198 -0.014608854427933693 -0.04257700964808464 0.08499200642108917 0.9953646063804626
1775793248.943820 0.27354806661605835 -0.17741596698760986 -0.041952311992645264 -0.014634747058153152 -0.04256530851125717 0.0850101113319397 0.995363175868988
1775793249.010731 0.2735741138458252 -0.17739975452423096 -0.04200798273086548 -0.014606653712689877 -0.0425737202167511 0.08501766622066498 0.9953625798225403
1775793249.077317 0.27363914251327515 -0.17729687690734863 -0.04211688041687012 -0.014540168456733227 -0.04257040470838547 0.08504410088062286 0.9953614473342896
1775793249.143942 0.273520827293396 -0.17748868465423584 -0.041901350021362305 -0.014626859687268734 -0.042556654661893845 0.08503635972738266 0.9953614473342896
1775793249.277158 0.27354270219802856 -0.17747604846954346 -0.04192769527435303 -0.01464010402560234 -0.04257066920399666 0.08499577641487122 0.9953640699386597
1775793249.344585 0.27356988191604614 -0.17737281322479248 -0.04210376739501953 -0.014602500945329666 -0.04258864372968674 0.08499275147914886 0.9953641295433044
1775793249.411205 0.2738038897514343 -0.17748123407363892 -0.04212307929992676 -0.014633724465966225 -0.04261384904384613 0.08499874919652939 0.9953621029853821
1775793249.477199 0.2738685607910156 -0.17741620540618896 -0.042150676250457764 -0.014622623100876808 -0.04260823503136635 0.08499926328659058 0.9953624606132507
1775793249.544071 0.2735016942024231 -0.17741906642913818 -0.041947364807128906 -0.014648913405835629 -0.04258108139038086 0.08499515801668167 0.9953635931015015
1775793249.611174 0.2734754681587219 -0.1773395538330078 -0.042006075382232666 -0.014623216353356838 -0.04257553443312645 0.08497688174247742 0.9953657388687134
1775793249.677212 0.2736021876335144 -0.17748451232910156 -0.041925668716430664 -0.014627061784267426 -0.04256704822182655 0.08502311259508133 0.9953621029853821
1775793249.744089 0.2735863924026489 -0.17737078666687012 -0.04194605350494385 -0.014628631062805653 -0.04255693405866623 0.08500979095697403 0.9953636527061462
1775793249.810730 0.2735748291015625 -0.177374005317688 -0.041982948780059814 -0.014638060703873634 -0.042579542845487595 0.08498568087816238 0.9953646063804626
1775793249.877233 0.27381277084350586 -0.17750585079193115 -0.041952550411224365 -0.01463345531374216 -0.042556822299957275 0.08503653854131699 0.9953612685203552
1775793249.944108 0.27387624979019165 -0.1774405837059021 -0.04203230142593384 -0.014582689851522446 -0.04256289452314377 0.08503842353820801 0.9953616261482239
1775793250.010946 0.27361738681793213 -0.17739105224609375 -0.04201066493988037 -0.014610589481890202 -0.0425633005797863 0.08500052243471146 0.9953644275665283
1775793250.077213 0.2735919952392578 -0.17744791507720947 -0.04187101125717163 -0.014668858610093594 -0.042562078684568405 0.08499184995889664 0.9953643679618835
1775793250.144106 0.2736296057701111 -0.17747783660888672 -0.04198247194290161 -0.014655250124633312 -0.042576879262924194 0.08500339835882187 0.9953629374504089
1775793250.210738 0.273659348487854 -0.17753314971923828 -0.0418582558631897 -0.01466162595897913 -0.04256148636341095 0.08501317352056503 0.9953626990318298
1775793250.277638 0.27364373207092285 -0.17746436595916748 -0.04197132587432861 -0.014624913223087788 -0.04257334768772125 0.08501890301704407 0.9953622221946716
1775793250.344105 0.2736314535140991 -0.17750614881515503 -0.04206043481826782 -0.014587254263460636 -0.04256155714392662 0.08505243062973022 0.9953603744506836
1775793250.410743 0.2736479640007019 -0.17746591567993164 -0.041946351528167725 -0.014643017202615738 -0.04256549850106239 0.08500449359416962 0.9953635334968567
1775793250.477259 0.273715615272522 -0.17750251293182373 -0.041990578174591064 -0.014646789990365505 -0.04258449748158455 0.08501112461090088 0.9953621029853821
1775793250.544116 0.2737274169921875 -0.17739999294281006 -0.04206216335296631 -0.014627963304519653 -0.04258691892027855 0.08499748259782791 0.9953634142875671
1775793250.610771 0.2734661102294922 -0.1775224208831787 -0.04185062646865845 -0.014673820696771145 -0.04255777597427368 0.08500207960605621 0.9953635931015015
1775793250.677252 0.2736106514930725 -0.17742538452148438 -0.041917264461517334 -0.01466336753219366 -0.04257466644048691 0.08498761057853699 0.995364248752594
1775793250.744139 0.273486852645874 -0.177506685256958 -0.04191046953201294 -0.014657121151685715 -0.04256979003548622 0.08500859886407852 0.9953627586364746
1775793250.810746 0.2738046646118164 -0.17745745182037354 -0.041838645935058594 -0.01469328347593546 -0.04257166385650635 0.08499021083116531 0.995363712310791
1775793250.877384 0.27350568771362305 -0.17753541469573975 -0.04183381795883179 -0.014675489626824856 -0.042571090161800385 0.08500636368989944 0.9953626394271851
1775793250.944127 0.27386045455932617 -0.17748165130615234 -0.041958391666412354 -0.014662426896393299 -0.04257927089929581 0.08500223606824875 0.9953628182411194
1775793251.010675 0.27370452880859375 -0.17750310897827148 -0.04195338487625122 -0.014637730084359646 -0.04258134961128235 0.0850139632821083 0.9953621029853821
1775793251.077507 0.27362746000289917 -0.17748796939849854 -0.04188406467437744 -0.014674311503767967 -0.04257289692759514 0.08499673753976822 0.9953634142875671
1775793251.144136 0.2735218405723572 -0.17753171920776367 -0.04185420274734497 -0.014676063321530819 -0.04256320744752884 0.08501055836677551 0.9953626394271851
1775793251.211097 0.2732768654823303 -0.1774381399154663 -0.041895925998687744 -0.014654628932476044 -0.042553938925266266 0.08499648422002792 0.9953645467758179
1775793251.278177 0.2737913131713867 -0.17753255367279053 -0.042020440101623535 -0.014630626887083054 -0.042579539120197296 0.08502396196126938 0.9953614473342896
1775793251.344132 0.2735861539840698 -0.17747676372528076 -0.041886210441589355 -0.014712740667164326 -0.04259917885065079 0.08496551960706711 0.9953643679618835
1775793251.477523 0.27374088764190674 -0.17736446857452393 -0.04196721315383911 -0.014643890783190727 -0.042582642287015915 0.08499059081077576 0.9953639507293701
1775793251.544164 0.27357935905456543 -0.17737412452697754 -0.0418858528137207 -0.014674185775220394 -0.04257318004965782 0.08498242497444153 0.9953646063804626
1775793251.611777 0.27344995737075806 -0.17740702629089355 -0.041882336139678955 -0.014651117846369743 -0.04255954921245575 0.08499801158905029 0.9953641891479492
1775793251.677543 0.2735777497291565 -0.1775626540184021 -0.04192078113555908 -0.014654679223895073 -0.04258442297577858 0.0850071907043457 0.9953623414039612
1775793251.744194 0.27378326654434204 -0.17752575874328613 -0.04188483953475952 -0.014681549742817879 -0.04257851466536522 0.08501341938972473 0.9953616261482239
1775793251.810669 0.2736036777496338 -0.17741703987121582 -0.04201245307922363 -0.01466283667832613 -0.04258919134736061 0.08497186750173569 0.9953650236129761
1775793251.877547 0.27355849742889404 -0.17757391929626465 -0.04186362028121948 -0.014679908752441406 -0.042583074420690536 0.0850142315030098 0.9953613877296448
1775793251.944180 0.2738705277442932 -0.17748749256134033 -0.04197961091995239 -0.014656204730272293 -0.04258359223604202 0.08500945568084717 0.9953621625900269
1775793252.010697 0.273618221282959 -0.17743182182312012 -0.04194158315658569 -0.014663868583738804 -0.04258245974779129 0.08499003201723099 0.995363712310791
1775793252.077559 0.27380692958831787 -0.1775609254837036 -0.04194396734237671 -0.014670787379145622 -0.04257585480809212 0.08503524214029312 0.9953600168228149
1775793252.144378 0.2736359238624573 -0.17742645740509033 -0.04210919141769409 -0.014588463120162487 -0.04258407652378082 0.08502721041440964 0.9953616261482239
1775793252.210680 0.27350378036499023 -0.17755019664764404 -0.04182332754135132 -0.014688809402287006 -0.042558055371046066 0.08499535918235779 0.9953639507293701
1775793252.277442 0.2737237811088562 -0.17749106884002686 -0.041972815990448 -0.014640669338405132 -0.0425618477165699 0.08501450717449188 0.9953628778457642
1775793252.344183 0.27340811491012573 -0.1774502992630005 -0.041789114475250244 -0.014702496118843555 -0.042569003999233246 0.08497344702482224 0.9953651428222656
1775793252.410669 0.2734266519546509 -0.17739129066467285 -0.04188603162765503 -0.014659053646028042 -0.042552247643470764 0.08498784154653549 0.9953652620315552
1775793252.544215 0.2735792398452759 -0.17748761177062988 -0.041920602321624756 -0.01467891689389944 -0.04258192330598831 0.08500998467206955 0.9953618049621582
1775793252.610824 0.2736607789993286 -0.17750084400177002 -0.0419120192527771 -0.014669183641672134 -0.0425725020468235 0.0850011482834816 0.9953631162643433
1775793252.677681 0.27371299266815186 -0.1775050163269043 -0.041929662227630615 -0.014636434614658356 -0.042570728808641434 0.08502509444952011 0.9953616261482239
1775793252.744044 0.2737257480621338 -0.17747604846954346 -0.04200536012649536 -0.014632700011134148 -0.04258196800947189 0.08501160144805908 0.995362401008606
1775793252.810937 0.27363407611846924 -0.17750465869903564 -0.04185938835144043 -0.014662034809589386 -0.04255644604563713 0.08502541482448578 0.995361864566803
1775793252.877608 0.27386361360549927 -0.17744481563568115 -0.042032480239868164 -0.014611026272177696 -0.04258272051811218 0.08503248542547226 0.9953608512878418
1775793252.944084 0.2737119197845459 -0.17757081985473633 -0.04181092977523804 -0.014719570986926556 -0.042570825666189194 0.08498161286115646 0.9953641295433044
1775793253.077590 0.2736896872520447 -0.17755091190338135 -0.04193466901779175 -0.014667744748294353 -0.04257620871067047 0.08500900119543076 0.9953623414039612
1775793253.145417 0.2736184597015381 -0.17755341529846191 -0.04182589054107666 -0.01467673759907484 -0.04255989193916321 0.08501590043306351 0.9953622817993164
1775793253.277597 0.27383291721343994 -0.17745494842529297 -0.0420343279838562 -0.014630633406341076 -0.04257899895310402 0.08501843363046646 0.9953619241714478
1775793253.344099 0.27364635467529297 -0.17738962173461914 -0.041944146156311035 -0.014665257185697556 -0.04258391633629799 0.0849851667881012 0.9953640699386597
1775793253.410988 0.27366650104522705 -0.1774604320526123 -0.041976213455200195 -0.014653492718935013 -0.04257220774888992 0.0850120484828949 0.9953624606132507
1775793253.477595 0.2738887667655945 -0.1775699257850647 -0.04194605350494385 -0.014658949337899685 -0.04258472099900246 0.08501468598842621 0.9953616261482239
1775793253.610961 0.27369987964630127 -0.17747044563293457 -0.04187387228012085 -0.014690314419567585 -0.042578186839818954 0.08498035371303558 0.9953643679618835
1775793253.677764 0.2735822796821594 -0.17749881744384766 -0.04190737009048462 -0.014662041328847408 -0.04256507754325867 0.0849875956773758 0.9953646659851074
1775793253.744190 0.2735486626625061 -0.17760610580444336 -0.041842103004455566 -0.014699052087962627 -0.04256625846028328 0.0850224494934082 0.9953611493110657
1775793253.810962 0.2737525701522827 -0.17756199836730957 -0.041931986808776855 -0.014655503444373608 -0.042573608458042145 0.08501861244440079 0.9953618049621582
1775793253.877589 0.27387166023254395 -0.17746520042419434 -0.04209399223327637 -0.014656215906143188 -0.04261625558137894 0.0850062221288681 0.9953609704971313
1775793253.944121 0.27383941411972046 -0.17751961946487427 -0.042041122913360596 -0.01464075781404972 -0.042593251913785934 0.08500929921865463 0.9953619837760925
1775793254.010594 -0.3141147494316101 -0.01732712984085083 -0.17579275369644165 0.005468473304063082 -0.041307155042886734 -0.08089339733123779 0.9958516955375671
1775793254.077604 0.2740122079849243 -0.17594695091247559 -0.04193311929702759 -0.014678161591291428 -0.04259784519672394 0.08489525318145752 0.9953709244728088
1775793254.210992 0.2751350402832031 -0.17746055126190186 -0.042291343212127686 -0.014599300920963287 -0.04265326261520386 0.08507288992404938 0.9953545331954956
1775793254.277618 0.2750428318977356 -0.17715203762054443 -0.04196369647979736 -0.014731714501976967 -0.04266725480556488 0.08498834818601608 0.9953592419624329
1775793254.344236 0.27480095624923706 -0.17712390422821045 -0.04183948040008545 -0.014743449166417122 -0.04265831038355827 0.08497655391693115 0.9953604340553284
1775793254.410990 0.2739681601524353 -0.17747747898101807 -0.042249441146850586 -0.014699835330247879 -0.04263371229171753 0.08495583385229111 0.9953639507293701
1775793254.477496 0.273892879486084 -0.177618145942688 -0.042273879051208496 -0.014728061854839325 -0.04265971854329109 0.08496439456939697 0.9953616857528687
1775793254.544371 0.27402037382125854 -0.1774958372116089 -0.042225539684295654 -0.014709885232150555 -0.042646124958992004 0.08498099446296692 0.9953610301017761
1775793254.611003 0.273975133895874 -0.17751657962799072 -0.04231917858123779 -0.01465311087667942 -0.042644184082746506 0.08500311523675919 0.9953601360321045
1775793254.677493 0.2739986777305603 -0.177528977394104 -0.042196691036224365 -0.01469492819160223 -0.042627740651369095 0.08498977869749069 0.9953613877296448
1775793254.744379 0.27394187450408936 -0.17756152153015137 -0.04208022356033325 -0.014735423028469086 -0.04262804985046387 0.08498508483171463 0.9953611493110657
1775793254.877515 0.27404648065567017 -0.1776740550994873 -0.04215073585510254 -0.01475138682872057 -0.04263637959957123 0.08496568351984024 0.9953621625900269
1775793254.944391 0.27414441108703613 -0.17760562896728516 -0.04205697774887085 -0.014771169051527977 -0.04265816509723663 0.08497127890586853 0.9953604936599731
1775793255.077503 0.2739262580871582 -0.1775367259979248 -0.042220890522003174 -0.014689049683511257 -0.04263601452112198 0.08499167859554291 0.9953609108924866
1775793255.146540 0.2738230228424072 -0.17753982543945312 -0.0420529842376709 -0.014734156429767609 -0.042614635080099106 0.08498817682266235 0.9953614473342896
1775793255.211023 0.27401411533355713 -0.17754042148590088 -0.042128801345825195 -0.014719543978571892 -0.042642876505851746 0.08497411757707596 0.9953616857528687
1775793255.278058 0.2739899754524231 -0.17751681804656982 -0.04207819700241089 -0.014760780148208141 -0.042653799057006836 0.08494758605957031 0.9953628778457642
1775793255.344495 0.27404671907424927 -0.17763173580169678 -0.042002201080322266 -0.014763422310352325 -0.042641326785087585 0.08497476577758789 0.9953609704971313
1775793255.411057 0.2740213871002197 -0.17750775814056396 -0.0420299768447876 -0.014735911972820759 -0.04262756183743477 0.08496233820915222 0.9953631162643433
1775793255.477539 0.27386510372161865 -0.17752134799957275 -0.04188030958175659 -0.014779048040509224 -0.04261133819818497 0.08493742346763611 0.9953652620315552
1775793255.544423 0.27371275424957275 -0.17754268646240234 -0.04191923141479492 -0.014769772998988628 -0.04262494295835495 0.08495542407035828 0.9953632950782776
1775793255.611032 0.27385973930358887 -0.17753612995147705 -0.04187798500061035 -0.014786044135689735 -0.04261082783341408 0.08494528383016586 0.9953645467758179
1775793255.677540 0.2738959789276123 -0.17749273777008057 -0.04193723201751709 -0.014766858890652657 -0.042635757476091385 0.08493795245885849 0.9953643679618835
1775793255.744559 0.27407127618789673 -0.17752599716186523 -0.041999638080596924 -0.014760182239115238 -0.042645346373319626 0.0849519670009613 0.9953628778457642
1775793255.811049 0.27387237548828125 -0.1776663064956665 -0.0419316291809082 -0.014769939705729485 -0.042619869112968445 0.08496242016553879 0.9953629374504089
1775793255.877550 0.2739027142524719 -0.1774308681488037 -0.04205828905105591 -0.014715011231601238 -0.04262479022145271 0.08496209979057312 0.9953635334968567
1775793255.945252 0.2738158702850342 -0.17756366729736328 -0.041915833950042725 -0.014757214114069939 -0.042617686092853546 0.08497200906276703 0.995362401008606
1775793256.011834 0.27384835481643677 -0.17754065990447998 -0.041869401931762695 -0.014801392331719398 -0.042628418654203415 0.08493436127901077 0.9953644871711731
1775793256.110919 0.27417564392089844 -0.17754006385803223 -0.042209506034851074 -0.01468587014824152 -0.042651332914829254 0.0850052610039711 0.9953591227531433
1775793256.144446 0.2740940451622009 -0.17757654190063477 -0.04206806421279907 -0.01474142074584961 -0.04265318438410759 0.08497996628284454 0.9953603744506836
1775793256.244451 0.27419334650039673 -0.17750608921051025 -0.04221534729003906 -0.014720391482114792 -0.04265648499131203 0.08497028797864914 0.9953613877296448
1775793256.310931 0.27384185791015625 -0.1780019998550415 -0.04168134927749634 -0.014966342598199844 -0.042556099593639374 0.08491358906030655 0.9953668713569641
1775793256.377820 0.27333933115005493 -0.1772632598876953 -0.042233943939208984 -0.014663754031062126 -0.04251888394355774 0.084711953997612 0.9953901171684265
1775793256.444458 0.26477086544036865 -0.1804875135421753 -0.033237457275390625 -0.017529917880892754 -0.040406469255685806 0.08278246223926544 0.9955941438674927
1775793256.510944 0.2558533549308777 -0.17773014307022095 -0.029939770698547363 -0.017494967207312584 -0.03835482895374298 0.08100149035453796 0.9958223104476929
1775793256.577816 0.24715352058410645 -0.1751118302345276 -0.02686852216720581 -0.017303286120295525 -0.035946737974882126 0.07923777401447296 0.996057391166687
1775793256.644468 0.2528868317604065 -0.1719517707824707 -0.03299051523208618 -0.014627165161073208 -0.03691592440009117 0.08088728040456772 0.9959322214126587
1775793256.710920 0.2568398714065552 -0.17276442050933838 -0.03559756278991699 -0.01406155526638031 -0.03755892813205719 0.08219991624355316 0.9958088397979736
1775793256.781202 0.2536306381225586 -0.17249494791030884 -0.035260140895843506 -0.014360874891281128 -0.03732534497976303 0.08117107301950455 0.9958977699279785
1775793256.844462 0.23662430047988892 -0.16895687580108643 -0.02636098861694336 -0.01499701663851738 -0.032704927027225494 0.07772945612668991 0.9963253140449524
1775793256.911360 0.23792946338653564 -0.16778182983398438 -0.02575671672821045 -0.01511561032384634 -0.03322198987007141 0.07790294289588928 0.9962928891181946
1775793256.977840 0.2671167850494385 -0.17208540439605713 -0.039414167404174805 -0.01271944958716631 -0.03950577974319458 0.0849420428276062 0.9955214262008667
1775793257.044465 0.27686017751693726 -0.1764276623725891 -0.0452539324760437 -0.012166534550487995 -0.04146536812186241 0.08726179599761963 0.9952479600906372
1775793257.110967 0.26727908849716187 -0.17618966102600098 -0.039389610290527344 -0.014425299130380154 -0.04040225222706795 0.08411471545696259 0.9955324530601501
1775793257.177847 0.2672255039215088 -0.1777801513671875 -0.03634321689605713 -0.015207805670797825 -0.04011232778429985 0.08431585878133774 0.9955154657363892
1775793257.244470 0.27183717489242554 -0.17877209186553955 -0.03908109664916992 -0.015179903246462345 -0.041409336030483246 0.08504737913608551 0.995400607585907
1775793257.310978 0.26896750926971436 -0.17959952354431152 -0.035912930965423584 -0.016146179288625717 -0.040929581969976425 0.08436848968267441 0.9954630136489868
1775793257.377860 0.26985275745391846 -0.18012011051177979 -0.036020517349243164 -0.016296399757266045 -0.04112531989812851 0.08462239801883698 0.9954308867454529
1775793257.510967 0.27175164222717285 -0.17947161197662354 -0.03730964660644531 -0.01609196700155735 -0.04176671802997589 0.08456069976091385 0.9954127669334412
1775793257.644694 0.2808082699775696 -0.18237483501434326 -0.040749192237854004 -0.016080182045698166 -0.04408615827560425 0.08653408288955688 0.9951432943344116
1775793257.710990 0.27961212396621704 -0.1839146614074707 -0.03920012712478638 -0.016885865479707718 -0.043896060436964035 0.0862964317202568 0.9951590299606323
1775793257.777854 0.278972327709198 -0.18433791399002075 -0.03773605823516846 -0.017238996922969818 -0.04363389313220978 0.08612744510173798 0.9951791167259216
1775793257.844349 0.27709507942199707 -0.18490946292877197 -0.03577554225921631 -0.01785336434841156 -0.043246641755104065 0.08583027124404907 0.9952108860015869
1775793257.911098 0.27880847454071045 -0.18477773666381836 -0.03728973865509033 -0.017566518858075142 -0.04376589506864548 0.08605746924877167 0.9951736330986023
1775793257.977872 0.2777169942855835 -0.1855466365814209 -0.03529524803161621 -0.018142450600862503 -0.04356938973069191 0.08578449487686157 0.9951955080032349
1775793258.044379 0.2801685333251953 -0.18458962440490723 -0.0385475754737854 -0.018379313871264458 -0.045572150498628616 0.08505549281835556 0.9951640367507935
1775793258.111250 0.2791823744773865 -0.1837095022201538 -0.03864645957946777 -0.017994072288274765 -0.04520614072680473 0.0849471166729927 0.9951969981193542
1775793258.177894 0.2774006724357605 -0.1844700574874878 -0.03636312484741211 -0.018397804349660873 -0.04439292848110199 0.08488523215055466 0.995231568813324
1775793258.244399 0.2773790955543518 -0.18437588214874268 -0.03668338060379028 -0.018319999799132347 -0.04433092847466469 0.08489067107439041 0.9952352643013
1775793258.312679 0.27748405933380127 -0.18449687957763672 -0.036494672298431396 -0.018409794196486473 -0.04432632774114609 0.08489589393138885 0.9952333569526672
1775793258.377880 0.27690356969833374 -0.1846005916595459 -0.03594177961349487 -0.018552035093307495 -0.04423496127128601 0.08483035117387772 0.9952403903007507
1775793258.444392 0.2765412926673889 -0.18464267253875732 -0.03558480739593506 -0.018518779426813126 -0.0440245047211647 0.08486858010292053 0.9952471256256104
1775793258.511346 0.2763875126838684 -0.18519985675811768 -0.03505223989486694 -0.01870041713118553 -0.04391229525208473 0.08490824699401855 0.9952452778816223
1775793258.577887 0.27592605352401733 -0.18494033813476562 -0.0349431037902832 -0.018766235560178757 -0.04387964680790901 0.0848071277141571 0.9952540993690491
1775793258.644386 0.27609485387802124 -0.18495631217956543 -0.03481322526931763 -0.018780529499053955 -0.04383344203233719 0.0848211720585823 0.995254635810852
1775793258.711186 0.2759031653404236 -0.18518579006195068 -0.03458821773529053 -0.018834572285413742 -0.04377458989620209 0.08482539653778076 0.9952558875083923
1775793258.777876 0.2762129306793213 -0.18529438972473145 -0.03464686870574951 -0.018806664273142815 -0.043724287301301956 0.08488833159208298 0.9952532052993774
1775793258.844422 0.2758784890174866 -0.18543994426727295 -0.034085869789123535 -0.01890331506729126 -0.0435866080224514 0.08486815541982651 0.995259165763855
1775793258.911268 0.27561473846435547 -0.18549060821533203 -0.0341494083404541 -0.01889149285852909 -0.04354001581668854 0.08488670736551285 0.9952598810195923
1775793258.977913 0.2765992283821106 -0.18421483039855957 -0.035257816314697266 -0.018291527405381203 -0.04388641566038132 0.08489610999822617 0.9952550530433655
1775793259.044417 0.27633512020111084 -0.18471956253051758 -0.03590726852416992 -0.018513906747102737 -0.043923456221818924 0.0848689153790474 0.9952515959739685
1775793259.112899 0.2757585048675537 -0.18551898002624512 -0.03477376699447632 -0.01886872947216034 -0.04369593784213066 0.08486086875200272 0.9952556490898132
1775793259.177912 0.2725983262062073 -0.1887587308883667 -0.02843940258026123 -0.020605318248271942 -0.04230085015296936 0.08461573719978333 0.9953023195266724
1775793259.244625 0.27069973945617676 -0.1908876895904541 -0.02452373504638672 -0.022052869200706482 -0.04185152426362038 0.08423157781362534 0.9953228831291199
1775793259.311290 0.26986920833587646 -0.19502639770507812 -0.019123971462249756 -0.02434362657368183 -0.041617896407842636 0.08401680737733841 0.9952974319458008
1775793259.377904 0.2665374279022217 -0.19685006141662598 -0.01499629020690918 -0.02559174783527851 -0.040668077766895294 0.08337350934743881 0.995359480381012
1775793259.444415 0.25960099697113037 -0.20434975624084473 -0.0016129016876220703 -0.030349785462021828 -0.038549769669771194 0.0820305272936821 0.9954217076301575
1775793259.512060 0.26457154750823975 -0.20070791244506836 -0.00555264949798584 -0.028720427304506302 -0.039625849574804306 0.08263790607452393 0.9953775405883789
1775793259.577773 0.26959657669067383 -0.19342148303985596 -0.02097487449645996 -0.023702383041381836 -0.04172402247786522 0.0837600827217102 0.9953301548957825
1775793259.644548 0.27125781774520874 -0.19216668605804443 -0.02337193489074707 -0.022986149415373802 -0.04229997470974922 0.08380246162414551 0.9953190684318542
1775793259.711889 0.2706434726715088 -0.1929876208305359 -0.02164548635482788 -0.02314484678208828 -0.04166168347001076 0.08393194526433945 0.9953314065933228
1775793259.777810 0.269872784614563 -0.19278883934020996 -0.021505117416381836 -0.023186994716525078 -0.041614748537540436 0.08392000943422318 0.9953333735466003
1775793259.844676 0.27091288566589355 -0.1924351453781128 -0.0231020450592041 -0.023017939180135727 -0.04210587963461876 0.0838896706700325 0.9953192472457886
1775793259.911303 0.2708212733268738 -0.1924804449081421 -0.02267390489578247 -0.02304636500775814 -0.04204336553812027 0.08389461040496826 0.9953207969665527
1775793259.977799 0.27048277854919434 -0.19265377521514893 -0.021974146366119385 -0.023105325177311897 -0.04173742234706879 0.08391360193490982 0.9953306317329407
1775793260.044672 0.27071863412857056 -0.19242477416992188 -0.022528231143951416 -0.02301095426082611 -0.041845206171274185 0.08392994850873947 0.9953269958496094
1775793260.111158 0.2706795930862427 -0.19235873222351074 -0.022741854190826416 -0.02300596423447132 -0.041993871331214905 0.08390370011329651 0.9953230619430542
1775793260.177804 0.2704974412918091 -0.1923612356185913 -0.02246534824371338 -0.023036176338791847 -0.041927676647901535 0.08390869945287704 0.9953247308731079
1775793260.244686 0.27070343494415283 -0.1922309398651123 -0.022573471069335938 -0.022937308996915817 -0.04185803607106209 0.08393804728984833 0.9953274130821228
1775793260.311324 0.2707836627960205 -0.19240236282348633 -0.02257150411605835 -0.02301107533276081 -0.04191629961133003 0.08392853289842606 0.9953240752220154
1775793260.377824 0.2706320881843567 -0.19247472286224365 -0.022619247436523438 -0.02301040105521679 -0.04194819927215576 0.08394154906272888 0.9953216910362244
1775793260.444721 0.2710641026496887 -0.19214069843292236 -0.022799313068389893 -0.022928882390260696 -0.0419677272439003 0.08391577005386353 0.9953249096870422
1775793260.511377 0.27094942331314087 -0.1919175386428833 -0.02320730686187744 -0.02272907644510269 -0.041937604546546936 0.08398070186376572 0.9953252673149109
1775793260.577977 0.27403199672698975 -0.1922205686569214 -0.02505171298980713 -0.022365892305970192 -0.04264472797513008 0.08468955755233765 0.9952433705329895
1775793260.644709 0.27448517084121704 -0.19245338439941406 -0.025083959102630615 -0.022369204089045525 -0.04273737967014313 0.08481081575155258 0.9952290058135986
1775793260.711348 0.27421385049819946 -0.19298017024993896 -0.024429380893707275 -0.02264915592968464 -0.042690787464380264 0.08481644093990326 0.9952242374420166
1775793260.777845 0.27387964725494385 -0.19302046298980713 -0.0239449143409729 -0.022752104327082634 -0.04260813444852829 0.08477534353733063 0.9952288866043091
1775793260.844712 0.2740538716316223 -0.19297099113464355 -0.02429872751235962 -0.022639531642198563 -0.04259808361530304 0.08482439815998077 0.9952276945114136
1775793260.911332 0.27403688430786133 -0.19304132461547852 -0.024337828159332275 -0.02269236370921135 -0.04264168068766594 0.08482156693935394 0.9952248930931091
1775793260.977829 0.2746279239654541 -0.19253301620483398 -0.025256335735321045 -0.02236437238752842 -0.04279932752251625 0.08486159890890121 0.9952221512794495
1775793261.048554 0.2743827700614929 -0.19257760047912598 -0.02493607997894287 -0.022415731102228165 -0.0426829531788826 0.08486078679561615 0.9952260255813599
1775793261.111336 0.27468788623809814 -0.19205737113952637 -0.02606189250946045 -0.021813517436385155 -0.04263902083039284 0.08509080111980438 0.9952216744422913
1775793261.177849 0.275612473487854 -0.19124162197113037 -0.027849316596984863 -0.021086139604449272 -0.04283701628446579 0.08535792678594589 0.9952059984207153
1775793261.244748 0.2768450379371643 -0.19047051668167114 -0.02964496612548828 -0.020510176196694374 -0.04321270436048508 0.08557916432619095 0.9951827526092529
1775793261.311247 0.2782644033432007 -0.19020360708236694 -0.030887484550476074 -0.02000349387526512 -0.04338756576180458 0.08583105355501175 0.9951637983322144
1775793261.378016 0.27804046869277954 -0.18893969058990479 -0.03250837326049805 -0.01921575330197811 -0.04342557489871979 0.08586619794368744 0.9951745867729187
1775793261.444740 0.2790982127189636 -0.18740969896316528 -0.03518557548522949 -0.018098581582307816 -0.04372461885213852 0.08610912412405014 0.9951614737510681
1775793261.511238 0.27952390909194946 -0.18620926141738892 -0.03744101524353027 -0.017660172656178474 -0.04440058395266533 0.08591467142105103 0.9951562285423279
1775793261.578111 0.2788131833076477 -0.18430942296981812 -0.03846633434295654 -0.016591167077422142 -0.0442422591149807 0.08584261685609818 0.9951878786087036
1775793261.644850 0.27936261892318726 -0.18254035711288452 -0.041651129722595215 -0.015425747260451317 -0.04449541121721268 0.08604101836681366 0.99517822265625
1775793261.711238 0.2795912027359009 -0.1794966459274292 -0.045083045959472656 -0.013692245818674564 -0.044640202075242996 0.08606929332017899 0.995194673538208
1775793261.778184 0.28078919649124146 -0.175672709941864 -0.05020129680633545 -0.011361045762896538 -0.04512142017483711 0.08634606003761292 0.9951782822608948
1775793261.845591 0.27859359979629517 -0.17676645517349243 -0.046758413314819336 -0.012002479285001755 -0.04429185763001442 0.08622181415557861 0.995218813419342
1775793261.911279 0.27314865589141846 -0.1760210394859314 -0.04448544979095459 -0.012403205968439579 -0.04345306381583214 0.08482963591814041 0.9953705072402954
1775793261.978138 0.25591039657592773 -0.16553878784179688 -0.04673278331756592 -0.0103787025436759 -0.04174121841788292 0.07927218824625015 0.9959248900413513
1775793262.045216 0.22287976741790771 -0.14418542385101318 -0.04853713512420654 -0.00745044369250536 -0.03858615830540657 0.06825543940067291 0.9968938827514648
1775793262.111263 0.18528717756271362 -0.13875490427017212 -0.030668258666992188 -0.013155542314052582 -0.03359832242131233 0.05761868134140968 0.9976866841316223
1775793262.178523 0.14004743099212646 -0.11877292394638062 -0.017676234245300293 -0.01662830077111721 -0.030067341402173042 0.0419667512178421 0.9985283017158508
1775793262.244748 0.11537796258926392 -0.10524773597717285 -0.011845231056213379 -0.01788906566798687 -0.027802057564258575 0.03292452543973923 0.9989112019538879
1775793262.311323 0.0783463716506958 -0.08970654010772705 0.00521540641784668 -0.01939411088824272 -0.019199179485440254 0.022666223347187042 0.999370813369751
1775793262.378165 0.04506218433380127 -0.07766163349151611 0.018849074840545654 -0.019949862733483315 -0.011928120627999306 0.014094062149524689 0.9996307492256165
1775793262.444751 -0.005233049392700195 -0.041755080223083496 0.031016528606414795 -0.01616021804511547 -0.0019897790625691414 -0.001292285742238164 0.9998668432235718
1775793262.511285 -0.04262113571166992 -0.002125680446624756 0.02974116802215576 -0.007579810917377472 0.004631975200027227 -0.013257036916911602 0.9998729228973389
1775793262.580182 -0.06095331907272339 0.03957533836364746 0.0002905130386352539 0.006858011707663536 0.002399690914899111 -0.024214714765548706 0.9996806383132935
1775793262.644802 -0.11395728588104248 0.08784317970275879 -0.005626320838928223 0.015012959018349648 -0.002800773363560438 -0.042705319821834564 0.9989712238311768
1775793262.711284 -0.09984636306762695 0.13174301385879517 -0.06394588947296143 0.022986097261309624 -0.0170607827603817 -0.05679241940379143 0.9979758262634277
1775793262.778160 -0.13079696893692017 0.1432483196258545 -0.07255250215530396 0.0252004936337471 -0.010350754484534264 -0.06224105507135391 0.9976895451545715
1775793262.845440 -0.10401135683059692 0.23809123039245605 -0.08188390731811523 0.029287386685609818 -0.01737343892455101 -0.06529874354600906 0.9972848296165466
1775793262.914375 -0.08610016107559204 0.2086133360862732 -0.07078158855438232 0.020218100398778915 -0.022199444472789764 -0.05933293700218201 0.997786819934845
1775793262.978177 -0.05428731441497803 0.17355239391326904 -0.06059610843658447 0.009662344120442867 -0.03181464970111847 -0.05193181708455086 0.9980972409248352
1775793263.044777 -0.032452940940856934 0.1596360206604004 -0.0657510757446289 0.00812220573425293 -0.037530455738306046 -0.046518512070178986 0.9981793761253357
1775793263.115537 -0.021693885326385498 0.1427326202392578 -0.04999995231628418 0.007785764988511801 -0.03843339905142784 -0.04321274533867836 0.9982962608337402
1775793263.178152 -1.7940998077392578e-05 0.1387801170349121 -0.05347645282745361 0.009119485504925251 -0.044980186969041824 -0.04020272195339203 0.9981371760368347
1775793263.244733 0.017649054527282715 0.13533902168273926 -0.05057573318481445 0.007257311139255762 -0.05256285518407822 -0.0394061878323555 0.9978137016296387
1775793263.311540 0.028214097023010254 0.1329064965248108 -0.04067528247833252 0.005997157655656338 -0.05480791628360748 -0.03792225196957588 0.9977587461471558
1775793263.379657 0.03249478340148926 0.13078176975250244 -0.02742302417755127 0.006230528466403484 -0.05643242225050926 -0.034981682896614075 0.9977741837501526
1775793263.444717 0.03044050931930542 0.12416774034500122 -0.0025442838668823242 0.004168210085481405 -0.05558597296476364 -0.03260933607816696 0.9979128241539001
1775793263.511560 0.027886033058166504 0.12042975425720215 0.018224477767944336 0.0035691927187144756 -0.055989399552345276 -0.03210708126425743 0.997908890247345
1775793263.580074 0.015165269374847412 0.1229100227355957 0.04592394828796387 0.0012613191502168775 -0.05618402734398842 -0.034323226660490036 0.9978297352790833
1775793263.644746 -0.006753325462341309 0.1311303973197937 0.08398604393005371 -0.001637217472307384 -0.052360523492097855 -0.036698464304208755 0.9979526400566101
1775793263.712845 -0.03065282106399536 0.13132691383361816 0.12689340114593506 -0.005771122872829437 -0.04715711995959282 -0.03821181878447533 0.9981399178504944
1775793263.778178 -0.05623537302017212 0.132551908493042 0.18113791942596436 -0.012078866362571716 -0.04397471621632576 -0.042048968374729156 0.9980745315551758
1775793263.845187 -0.07979059219360352 0.1446927785873413 0.21479809284210205 -0.013283314183354378 -0.04236110672354698 -0.04807795211672783 0.9978567361831665
1775793263.911538 -0.10016429424285889 0.17312979698181152 0.23928534984588623 -0.011734281666576862 -0.04339180886745453 -0.0568077377974987 0.9973729848861694
1775793264.011566 -0.11569458246231079 0.2044420838356018 0.26996004581451416 -0.013907101936638355 -0.0479729063808918 -0.06746335327625275 0.9964709877967834
1775793264.078210 -0.11366873979568481 0.2105109691619873 0.2871805429458618 -0.015425232239067554 -0.05131028965115547 -0.06951258331537247 0.9961414337158203
1775793264.144888 -0.08368945121765137 0.2308984398841858 0.29957592487335205 -0.014733931049704552 -0.06160518899559975 -0.0703858956694603 0.9955069422721863
1775793264.211499 -0.04919159412384033 0.21820855140686035 0.29592132568359375 -0.016940880566835403 -0.07164570689201355 -0.06581050157546997 0.9951127767562866
1775793264.244694 -0.03690975904464722 0.21188324689865112 0.30486106872558594 -0.018441611900925636 -0.07307098060846329 -0.06238379329442978 0.9952031970024109
1775793264.344694 -0.0017371773719787598 0.19139671325683594 0.32189416885375977 -0.0221050176769495 -0.07398904860019684 -0.04986289143562317 0.9957666397094727
1775793264.411608 0.017849445343017578 0.13362956047058105 0.31109607219696045 -0.02352426014840603 -0.0743156373500824 -0.037886202335357666 0.9962373971939087
1775793264.478205 0.030119001865386963 0.1105121374130249 0.3197643756866455 -0.025844696909189224 -0.07300334423780441 -0.03134476765990257 0.9965041875839233
1775793264.544732 0.04600948095321655 0.07595956325531006 0.31203413009643555 -0.027310848236083984 -0.0734378919005394 -0.025474829599261284 0.9966005086898804
1775793264.678216 0.08049583435058594 0.057389020919799805 0.3291513919830322 -0.030476797372102737 -0.07082842290401459 -0.01633630506694317 0.9968892335891724
1775793264.745341 0.10104382038116455 0.051323890686035156 0.33753180503845215 -0.03166509047150612 -0.06944269686937332 -0.011207526549696922 0.9970205426216125
1775793264.811587 0.12390100955963135 0.04883885383605957 0.3346065282821655 -0.028810421004891396 -0.06910094618797302 -0.007246291730552912 0.9971675276756287
1775793264.878094 0.14699900150299072 0.04032480716705322 0.3306983709335327 -0.02729080803692341 -0.06831452995538712 -0.003189065959304571 0.9972856640815735
1775793264.944955 0.1723158359527588 0.03583025932312012 0.34807872772216797 -0.029591774567961693 -0.06373976916074753 0.002668931381776929 0.9975244402885437
1775793265.011600 0.2096375823020935 0.014593958854675293 0.3564664125442505 -0.030270813032984734 -0.06148066744208336 0.01240005437284708 0.9975723624229431
1775793265.078096 0.2507707476615906 -0.005975008010864258 0.3642895221710205 -0.030765440315008163 -0.06131617724895477 0.0206409003585577 0.9974308609962463
1775793265.144964 0.27741706371307373 -0.03933107852935791 0.380557656288147 -0.03235318884253502 -0.05821254104375839 0.029071256518363953 0.9973564743995667
1775793265.212096 0.31323546171188354 -0.0401078462600708 0.3843797445297241 -0.028979666531085968 -0.05733805149793625 0.03346417844295502 0.9973731637001038
1775793265.278102 0.3646532893180847 -0.041341423988342285 0.378375768661499 -0.027712039649486542 -0.06699736416339874 0.03556019812822342 0.9967343807220459
1775793265.345032 0.4143105745315552 -0.05793654918670654 0.38523757457733154 -0.032510679215192795 -0.07363657653331757 0.03981715068221092 0.9959597587585449
1775793265.411966 0.45308661460876465 -0.07215666770935059 0.39632952213287354 -0.03554229438304901 -0.07710233330726624 0.04440518468618393 0.9953997731208801
1775793265.479350 0.4867871403694153 -0.08704447746276855 0.3782651424407959 -0.03207528963685036 -0.08596979826688766 0.04466632008552551 0.9947792887687683
1775793265.544986 0.5100637674331665 -0.07415902614593506 0.3611726760864258 -0.02747948281466961 -0.08920545876026154 0.041338518261909485 0.9947758316993713
1775793265.611625 0.5256788730621338 -0.06543350219726562 0.36741721630096436 -0.02634601853787899 -0.08685331791639328 0.04004514589905739 0.9950674772262573
1775793265.678107 0.5402355790138245 -0.07322812080383301 0.3759493827819824 -0.027776777744293213 -0.08591773360967636 0.04007132351398468 0.9951087236404419
1775793265.745106 0.5549640655517578 -0.07505249977111816 0.3853670358657837 -0.030193079262971878 -0.08471648395061493 0.03906326740980148 0.9951814413070679
1775793265.811630 0.5539155006408691 -0.09540331363677979 0.39439594745635986 -0.032702039927244186 -0.07959792017936707 0.037287332117557526 0.9955927729606628
1775793265.845048 0.5545607209205627 -0.08085930347442627 0.4050241708755493 -0.033436257392168045 -0.0764550268650055 0.033597055822610855 0.9959459900856018
1775793265.946209 0.5493639707565308 -0.0671699047088623 0.4101139307022095 -0.031648438423871994 -0.06931570917367935 0.02379092015326023 0.9968090057373047
1775793266.011643 0.52634197473526 -0.0701528787612915 0.4385817050933838 -0.03617660701274872 -0.05863792076706886 0.014900621958076954 0.9975125789642334
1775793266.078088 0.5278488397598267 -0.05899333953857422 0.44825446605682373 -0.03765454515814781 -0.05230831727385521 0.007171533070504665 0.9978953003883362
1775793266.211878 0.5546499490737915 -0.006876945495605469 0.43612849712371826 -0.02968783490359783 -0.052297674119472504 -0.0051594022661447525 0.9981771111488342
1775793266.278162 0.5859605669975281 -0.0020943880081176758 0.42750680446624756 -0.029489796608686447 -0.05609017238020897 -0.005724863149225712 0.9979739785194397
1775793266.345032 0.6291384696960449 -0.004088282585144043 0.4311671257019043 -0.03318805620074272 -0.05909888446331024 -0.0021769790910184383 0.997698187828064
1775793266.412077 0.6693115830421448 -0.01894378662109375 0.43459975719451904 -0.034788843244314194 -0.060397565364837646 0.0049539972096681595 0.9975559711456299
1775793266.545143 0.7307097911834717 -0.052481651306152344 0.4354897737503052 -0.033290084451436996 -0.06164134666323662 0.014834774658083916 0.9974330067634583
1775793266.678291 0.7784069180488586 -0.054848432540893555 0.4284929037094116 -0.03049500472843647 -0.0642947182059288 0.010987597517669201 0.9974046349525452
1775793266.745031 0.8036543130874634 -0.06427061557769775 0.4265284538269043 -0.030385417863726616 -0.06628631055355072 0.010394909419119358 0.9972839951515198
1775793266.811820 0.8286328315734863 -0.05997610092163086 0.4344611167907715 -0.028938697651028633 -0.06474310159683228 0.01029914990067482 0.997429370880127
1775793266.878423 0.875600278377533 -0.06703829765319824 0.43593811988830566 -0.030678940936923027 -0.07091864943504333 0.01283334195613861 0.9969278573989868
1775793266.945028 0.9118428230285645 -0.09117984771728516 0.44526565074920654 -0.03548171743750572 -0.07453224062919617 0.01757344789803028 0.9964324831962585
1775793267.078406 0.9446830749511719 -0.11531257629394531 0.45791614055633545 -0.03617733716964722 -0.0736553966999054 0.016864458099007607 0.9964849352836609
1775793267.211569 0.9724706411361694 -0.10560709238052368 0.4535670280456543 -0.03472883999347687 -0.07382918894290924 0.009884136728942394 0.9966172575950623
1775793267.278436 0.9819726347923279 -0.10692882537841797 0.46104490756988525 -0.03512945771217346 -0.06875503063201904 0.008317304775118828 0.9969804883003235
1775793267.411535 1.0104631185531616 -0.11079186201095581 0.4816635847091675 -0.04009420797228813 -0.06484393030405045 0.0025138373021036386 0.9970867037773132
1775793267.478443 1.0151801109313965 -0.10506963729858398 0.493194580078125 -0.04019542783498764 -0.058369383215904236 -0.002696394920349121 0.9974821209907532
1775793267.611564 1.0517098903656006 -0.09408318996429443 0.5067760944366455 -0.0423412024974823 -0.05814437195658684 -0.008778822608292103 0.99737149477005
1775793267.746423 1.1081910133361816 -0.09155285358428955 0.5098230838775635 -0.04440782591700554 -0.061800871044397354 -0.008999833837151527 0.9970597624778748
1775793267.811562 1.1439629793167114 -0.09476345777511597 0.5149635076522827 -0.04604372754693031 -0.0635235384106636 -0.004987301304936409 0.9969053864479065
1775793268.012709 1.2060812711715698 -0.11532151699066162 0.5228172540664673 -0.04123185947537422 -0.06409712880849838 0.0009242399246431887 0.9970913529396057
1775793268.079264 1.213186502456665 -0.09747010469436646 0.5081164836883545 -0.03421763330698013 -0.06359441578388214 -0.005070896819233894 0.9973764419555664
1775793268.211624 1.2231802940368652 -0.07403826713562012 0.48796093463897705 -0.026568753644824028 -0.06025063619017601 -0.017519338056445122 0.9976760745048523
1775793268.278475 1.2232261896133423 -0.06909501552581787 0.49395525455474854 -0.023075174540281296 -0.05584556236863136 -0.022830236703157425 0.9979118704795837
1775793268.344962 1.2101205587387085 -0.06090116500854492 0.4996227025985718 -0.018091168254613876 -0.05159309133887291 -0.031202571466565132 0.9980169534683228
1775793268.411716 1.2116587162017822 -0.030420780181884766 0.4912334680557251 -0.013872509822249413 -0.052765294909477234 -0.04195571690797806 0.9976289868354797
1775793268.478469 1.213693618774414 -0.026161253452301025 0.49815142154693604 -0.014762685634195805 -0.05431390553712845 -0.04992015287280083 0.9971662759780884
1775793268.544978 1.2153420448303223 -0.025660574436187744 0.48706555366516113 -0.01513243094086647 -0.056400422006845474 -0.0581725649535656 0.9965974688529968
1775793268.611851 1.1794589757919312 -0.011804163455963135 0.5276426076889038 -0.013373213820159435 -0.04913017898797989 -0.06998051702976227 0.9962483048439026
1775793268.812091 0.9902356863021851 -0.2866094708442688 0.4411323070526123 -0.005238739773631096 -0.044300295412540436 -0.07576332986354828 0.9961277842521667
1775793268.878487 0.9722930192947388 -0.0229417085647583 0.5841450691223145 -0.006313744932413101 -0.028575699776411057 -0.11420398950576782 0.9930264949798584
1775793268.944981 1.1024571657180786 0.10854595899581909 0.5102760791778564 -0.0009865236934274435 -0.03465994447469711 -0.14118902385234833 0.9893755316734314
1775793269.011855 1.096127986907959 0.1453666090965271 0.5251321792602539 0.0032708547078073025 -0.030383171513676643 -0.157663956284523 0.9870201349258423
1775793269.078350 1.111232042312622 0.1862419843673706 0.4944300651550293 0.005289037246257067 -0.03336458280682564 -0.17321676015853882 0.9843044877052307
1775793269.144889 1.1061877012252808 0.21771091222763062 0.5092267990112305 0.008229373022913933 -0.02796507440507412 -0.18550549447536469 0.9822109937667847
1775793269.211860 1.1138776540756226 0.2431342601776123 0.5257798433303833 0.006482840981334448 -0.029551394283771515 -0.19515125453472137 0.9803066849708557
1775793269.344978 1.1228172779083252 0.22280782461166382 0.5157332420349121 0.0023096692748367786 -0.02936737611889839 -0.20563043653964996 0.9781865477561951
1775793269.480895 1.1195238828659058 0.2389925718307495 0.5178756713867188 0.004008293151855469 -0.028481459245085716 -0.22241570055484772 0.9745278358459473
1775793269.544999 1.1222589015960693 0.24114251136779785 0.5112814903259277 0.006097150035202503 -0.02985740825533867 -0.22874586284160614 0.9730093479156494
1775793269.611926 1.1272501945495605 0.23959997296333313 0.5087257623672485 0.007442880421876907 -0.030290750786662102 -0.23439663648605347 0.9716408252716064
1775793269.678495 1.128922700881958 0.23051178455352783 0.5080276727676392 0.006878186017274857 -0.029140228405594826 -0.23700328171253204 0.9710476398468018
1775793269.745111 1.130144715309143 0.22406384348869324 0.5086642503738403 0.01167544350028038 -0.02530810795724392 -0.23794792592525482 0.9708782434463501
1775793269.878493 1.1400998830795288 0.2000613510608673 0.5199590921401978 0.014619647525250912 -0.02421344257891178 -0.24000227451324463 0.9703604578971863
1775793269.944964 1.1475083827972412 0.17846152186393738 0.5252677202224731 0.011670207604765892 -0.02536231093108654 -0.24021854996681213 0.970317542552948
1775793270.012001 1.1524239778518677 0.15866339206695557 0.5246613025665283 0.009678179398179054 -0.02521657757461071 -0.24066469073295593 0.9702327251434326
1775793270.078388 1.1460040807724 0.1542673408985138 0.5338424444198608 0.010624177753925323 -0.021314911544322968 -0.2440783679485321 0.9694633483886719
1775793270.278397 1.143092155456543 0.1539476215839386 0.5547275543212891 0.007202572654932737 -0.01615675911307335 -0.26256048679351807 0.9647536873817444
1775793270.445269 1.1434143781661987 0.18841424584388733 0.5736521482467651 0.008845105767250061 -0.009276988916099072 -0.2835710644721985 0.9588658213615417
1775793270.511914 1.1516005992889404 0.209293395280838 0.5636328458786011 0.013890177011489868 -0.011014598421752453 -0.29394853115081787 0.9556571841239929
1775793270.578402 1.1579692363739014 0.22864989936351776 0.5625232458114624 0.017299316823482513 -0.009801681153476238 -0.30356502532958984 0.9526035785675049
1775793270.645277 1.1595321893692017 0.23453488945960999 0.5756573677062988 0.018789071589708328 -0.006257803179323673 -0.3090691566467285 0.9508336782455444
1775793270.711917 1.17128586769104 0.23386377096176147 0.5818572044372559 0.015441328287124634 -0.010189162567257881 -0.31438255310058594 0.9491164088249207
1775793270.911948 1.1954493522644043 0.17082464694976807 0.5792217254638672 0.012784608639776707 -0.011861691251397133 -0.3101348280906677 0.9505329132080078
1775793271.046433 1.1983461380004883 0.14417120814323425 0.578747034072876 0.014377309009432793 -0.010499660857021809 -0.31033608317375183 0.9504604935646057
1775793271.111957 1.209172248840332 0.1466105878353119 0.5622725486755371 0.020059481263160706 -0.014359000138938427 -0.31473323702812195 0.9488598704338074
1775793271.311919 1.220033049583435 0.1646071970462799 0.5351014137268066 0.03879792243242264 -0.01743307150900364 -0.3292683959007263 0.9432781934738159
1775793271.511927 1.2069172859191895 0.1379944384098053 0.5302937030792236 0.03782150521874428 -0.02241404913365841 -0.34483256936073303 0.9376344084739685
1775793271.578462 1.1961084604263306 0.1470639705657959 0.5295678377151489 0.03985147923231125 -0.021011384204030037 -0.35263538360595703 0.9346759915351868
1775793271.645343 1.186055064201355 0.1592845320701599 0.5325433015823364 0.04202921316027641 -0.019171515479683876 -0.36281853914260864 0.9307144284248352
1775793271.712242 1.1787854433059692 0.17165257036685944 0.5297116041183472 0.043403640389442444 -0.019383113831281662 -0.37446147203445435 0.926023542881012
1775793271.845309 1.1687694787979126 0.24492031335830688 0.5306332111358643 0.04928530007600784 -0.017275849357247353 -0.4041558504104614 0.9131982922554016
1775793271.911825 1.1630727052688599 0.24478504061698914 0.5247154235839844 0.04979853332042694 -0.01450121495872736 -0.41732242703437805 0.907277524471283
1775793272.179038 1.139236330986023 0.3212870955467224 0.5582796335220337 0.04638804495334625 -0.002582455985248089 -0.4684098958969116 0.8822892904281616
1775793272.245367 1.1390663385391235 0.3471526801586151 0.5653616189956665 0.05107492208480835 0.001625526463612914 -0.4814319908618927 0.8749929666519165
1775793272.445339 1.159318447113037 0.3792977035045624 0.5671461820602417 0.052505601197481155 -0.002939097583293915 -0.5062441825866699 0.860785722732544
1775793272.578716 1.156711459159851 0.3704989552497864 0.5508842468261719 0.052249472588300705 -0.004852582234889269 -0.5064636468887329 0.8606635332107544
1775793272.711895 1.143426775932312 0.34368211030960083 0.5490820407867432 0.052277036011219025 -0.0037062347400933504 -0.4990230202674866 0.8650029301643372
1775793272.778756 1.1366556882858276 0.3197740614414215 0.5477204322814941 0.04968978092074394 -0.004100681282579899 -0.492702454328537 0.8687686920166016
1775793272.845385 1.127493143081665 0.2843346893787384 0.5426656007766724 0.04481377825140953 -0.006432929541915655 -0.484862357378006 0.8734182715415955
1775793272.911918 1.1215481758117676 0.26088690757751465 0.533167839050293 0.04297368600964546 -0.00814811885356903 -0.4790559411048889 0.8766943216323853
1775793272.978700 1.1149271726608276 0.2508755624294281 0.5279921293258667 0.043158482760190964 -0.0074863797053694725 -0.47549813985824585 0.8786258697509766
1775793273.045364 1.1105912923812866 0.24620726704597473 0.5250482559204102 0.04404408484697342 -0.006454203277826309 -0.47450417280197144 0.8791273832321167
1775793273.111979 1.1142479181289673 0.24952936172485352 0.5145081281661987 0.044553276151418686 -0.008272231556475163 -0.4762709140777588 0.8781305551528931
1775793273.245579 1.120362639427185 0.2634795010089874 0.4906423091888428 0.047942157834768295 -0.010751135647296906 -0.479973167181015 0.8759066462516785
1775793273.311892 1.1228058338165283 0.2670104503631592 0.4793776273727417 0.04976213723421097 -0.011011230759322643 -0.4813264310359955 0.8750588297843933
1775793273.378746 1.1259428262710571 0.2692513167858124 0.4683246612548828 0.05136719346046448 -0.011630002409219742 -0.48230838775634766 0.8744171857833862
1775793273.445415 1.129456877708435 0.2651916742324829 0.4526106119155884 0.05030284449458122 -0.01415429450571537 -0.4836142361164093 0.8737203478813171
1775793273.511883 1.1322895288467407 0.26743921637535095 0.44020020961761475 0.050671081990003586 -0.014945912174880505 -0.48572656512260437 0.8725132942199707
1775793273.578762 1.1345537900924683 0.27423322200775146 0.4314002990722656 0.05044165626168251 -0.015187482349574566 -0.4891757667064667 0.8705933094024658
1775793273.645290 1.1386773586273193 0.27739831805229187 0.42085492610931396 0.05007164180278778 -0.01611892692744732 -0.4925506114959717 0.8686930537223816
1775793273.712022 1.143484354019165 0.28132370114326477 0.4092705249786377 0.04925897717475891 -0.01784873940050602 -0.4961600601673126 0.8666492104530334
1775793273.779085 1.1509228944778442 0.28252172470092773 0.3958568572998047 0.0477600060403347 -0.01958097703754902 -0.5000001788139343 0.8644859790802002
1775793273.845266 1.1502248048782349 0.2907702326774597 0.38914215564727783 0.046310145407915115 -0.019180335104465485 -0.5030747056007385 0.8627884984016418
1775793273.912145 1.1505992412567139 0.2955491840839386 0.38170313835144043 0.04595066234469414 -0.017673403024673462 -0.5057402849197388 0.8612802624702454
1775793273.978820 1.1541574001312256 0.30654796957969666 0.37472081184387207 0.04617394506931305 -0.01704029180109501 -0.5101466774940491 0.8586784601211548
1775793274.045258 1.1673792600631714 0.3028218746185303 0.35597920417785645 0.04523041471838951 -0.020046569406986237 -0.5136978626251221 0.8565439581871033
1775793274.112153 1.1670924425125122 0.30628421902656555 0.34462857246398926 0.04252936318516731 -0.021656537428498268 -0.5159338116645813 0.8552983403205872
1775793274.245270 1.173364281654358 0.3379839062690735 0.3226437568664551 0.04405820369720459 -0.02003183402121067 -0.5244870781898499 0.8500421047210693
1775793274.312481 1.1880488395690918 0.35458964109420776 0.3078148365020752 0.047026753425598145 -0.02001303806900978 -0.5313549637794495 0.8456066250801086
1775793274.445292 1.2009804248809814 0.34728288650512695 0.2784881591796875 0.042352862656116486 -0.02526858076453209 -0.5351834297180176 0.8432953953742981
1775793274.512171 1.196231722831726 0.3251066207885742 0.2660696506500244 0.03705686330795288 -0.02579924464225769 -0.532465934753418 0.8452466726303101
1775793274.578798 1.190207600593567 0.3104494512081146 0.2609691619873047 0.034046392887830734 -0.024735333397984505 -0.5292607545852661 0.8474153280258179
1775793274.646257 1.192261815071106 0.3116917610168457 0.2515220642089844 0.03396617993712425 -0.02542959526181221 -0.5289280414581299 0.8476057052612305
1775793274.712174 1.1934093236923218 0.3152048885822296 0.24356651306152344 0.03460374474525452 -0.025433866307139397 -0.5291163921356201 0.8474622964859009
1775793274.778796 1.1952030658721924 0.31864792108535767 0.23286831378936768 0.03377574309706688 -0.026650404557585716 -0.5298773050308228 0.8469827175140381
1775793274.845310 1.19916570186615 0.31465616822242737 0.21912777423858643 0.034288439899683 -0.02821449562907219 -0.5289785265922546 0.8474730849266052
1775793274.912196 1.201587438583374 0.3046649098396301 0.20589888095855713 0.03250085562467575 -0.031003154814243317 -0.5273182988166809 0.8484801650047302
1775793274.978828 1.2012494802474976 0.3082875907421112 0.2039318084716797 0.03274812921881676 -0.02980988286435604 -0.5276599526405334 0.8483009934425354
1775793275.045330 1.2017295360565186 0.3129023313522339 0.20141172409057617 0.03321843966841698 -0.028945311903953552 -0.5283600091934204 0.847876787185669
1775793275.112225 1.2040718793869019 0.32004979252815247 0.19716644287109375 0.03423916548490524 -0.028801538050174713 -0.5296128392219543 0.8470591306686401
1775793275.178830 1.2052966356277466 0.3302915394306183 0.19704365730285645 0.03491935133934021 -0.028504418209195137 -0.5323489904403687 0.8453244566917419
1775793275.245316 1.222496509552002 0.3363533020019531 0.17707014083862305 0.03381848335266113 -0.035691920667886734 -0.5372444987297058 0.8419924974441528
1775793275.312210 1.2202770709991455 0.35354870557785034 0.18452751636505127 0.03445877879858017 -0.03488460183143616 -0.540416955947876 0.8399677872657776
1775793275.445523 1.235081434249878 0.36051511764526367 0.17005455493927002 0.034198470413684845 -0.039640430361032486 -0.5443494915962219 0.8372236490249634
1775793275.578703 1.2491910457611084 0.3630402684211731 0.15144038200378418 0.04010583087801933 -0.04480000585317612 -0.5435715913772583 0.8372067809104919
1775793275.645562 1.248891830444336 0.37186628580093384 0.15492582321166992 0.0442931093275547 -0.04279698431491852 -0.5434090495109558 0.8372059464454651
1775793275.712235 1.251051902770996 0.37246155738830566 0.15191447734832764 0.04483301192522049 -0.04350864514708519 -0.543395459651947 0.8371493816375732
1775793275.778727 1.2564481496810913 0.3742293119430542 0.14719831943511963 0.04606940224766731 -0.045254141092300415 -0.54384845495224 0.8366954326629639
1775793275.845619 1.251576542854309 0.3802747130393982 0.14995694160461426 0.04722846671938896 -0.043178364634513855 -0.543624997138977 0.8368857502937317
1775793275.912181 1.2476518154144287 0.3957497477531433 0.1647946834564209 0.050957564264535904 -0.03775005042552948 -0.544804036617279 0.8361624479293823
1775793275.978727 1.2612180709838867 0.3973683714866638 0.1503744125366211 0.055439542979002 -0.04234812408685684 -0.5445724129676819 0.8358078598976135
1775793276.045742 1.2735755443572998 0.4020805358886719 0.13771474361419678 0.060319915413856506 -0.046205174177885056 -0.5443841814994812 0.8353880643844604
1775793276.112212 1.2737693786621094 0.4014953374862671 0.1375417709350586 0.05962913855910301 -0.04636149853467941 -0.5447174906730652 0.8352116942405701
1775793276.178732 1.2630153894424438 0.4045897126197815 0.14531826972961426 0.05754413083195686 -0.041938889771699905 -0.5448295474052429 0.8355185985565186
1775793276.312237 1.2974064350128174 0.394037663936615 0.10665524005889893 0.04860842972993851 -0.06269996613264084 -0.5441266298294067 0.8352441787719727
1775793276.378739 1.2695765495300293 0.34032896161079407 0.12026691436767578 0.027987439185380936 -0.0612412728369236 -0.5414815545082092 0.8380123376846313
1775793276.445604 1.254671573638916 0.33023780584335327 0.13620293140411377 0.01961922086775303 -0.05783172324299812 -0.5414941310882568 0.838483989238739
1775793276.512262 1.2141385078430176 0.3116568624973297 0.16014456748962402 0.01139046996831894 -0.04677246883511543 -0.5356571078300476 0.843062698841095
1775793276.578747 1.2365487813949585 0.3338986039161682 0.14844191074371338 0.017727093771100044 -0.0506456233561039 -0.5411937832832336 0.839184582233429
1775793276.712915 1.231473684310913 0.33864572644233704 0.15681242942810059 0.018383800983428955 -0.047252945601940155 -0.5413752198219299 0.8392513394355774
1775793276.848853 1.228840708732605 0.33964425325393677 0.16000068187713623 0.018650759011507034 -0.04563102871179581 -0.5411170721054077 0.839501678943634
1775793276.912845 1.2268470525741577 0.34055688977241516 0.16344726085662842 0.018531296402215958 -0.04491445794701576 -0.5412351489067078 0.8394668102264404
1775793277.048833 1.226675033569336 0.3410924971103668 0.16303229331970215 0.018589753657579422 -0.044919610023498535 -0.5412842035293579 0.8394336700439453
1775793277.245621 1.2178009748458862 0.33253422379493713 0.16215384006500244 0.01758275367319584 -0.04411334916949272 -0.5407906174659729 0.8398162126541138
1775793277.379011 1.2167446613311768 0.33328989148139954 0.1629568338394165 0.017323339357972145 -0.04384509474039078 -0.5408841967582703 0.8397752642631531
1775793277.445635 1.2159186601638794 0.33324822783470154 0.1640620231628418 0.0171493012458086 -0.04334159940481186 -0.5408744215965271 0.8398113250732422
1775793277.512161 1.2156164646148682 0.3336891233921051 0.16449904441833496 0.0169239342212677 -0.04325141757726669 -0.5410094857215881 0.8397335410118103
1775793277.579021 1.2151333093643188 0.3334426283836365 0.16566479206085205 0.016937198117375374 -0.042805496603250504 -0.5409624576568604 0.8397863507270813
1775793277.645857 1.2148388624191284 0.33340558409690857 0.16588377952575684 0.016711847856640816 -0.04272819310426712 -0.5410439968109131 0.8397423028945923
1775793277.712149 1.2142010927200317 0.3333751857280731 0.1662529706954956 0.016752442345023155 -0.0425608865916729 -0.5409488677978516 0.8398112654685974
1775793277.779019 1.213119387626648 0.333726167678833 0.16742455959320068 0.016591552644968033 -0.04221012815833092 -0.540941059589386 0.8398371934890747
1775793277.845634 1.2127355337142944 0.3340638279914856 0.16798341274261475 0.016530858352780342 -0.041935697197914124 -0.5409924387931824 0.839819073677063
1775793277.912178 1.2126071453094482 0.33376285433769226 0.1685619354248047 0.016485098749399185 -0.041748009622097015 -0.5409960746765137 0.8398269414901733
1775793277.979023 1.211726188659668 0.33364254236221313 0.1695934534072876 0.01611688733100891 -0.04143809527158737 -0.5410553216934204 0.8398112654685974
1775793278.045633 1.2111109495162964 0.33415767550468445 0.16996550559997559 0.01614629104733467 -0.04127858951687813 -0.5410524606704712 0.839820384979248
1775793278.112168 1.2107691764831543 0.33407163619995117 0.17054438591003418 0.01606457121670246 -0.04108796268701553 -0.5410587191581726 0.8398272395133972
1775793278.179055 1.2102665901184082 0.33422785997390747 0.17143571376800537 0.016010811552405357 -0.04077035188674927 -0.5410628914833069 0.8398411870002747
1775793278.245663 1.2099289894104004 0.3340660035610199 0.1713930368423462 0.01596670038998127 -0.040750812739133835 -0.5410056114196777 0.8398798108100891
1775793278.312164 1.2089375257492065 0.3343188166618347 0.17251312732696533 0.015738116577267647 -0.04039311036467552 -0.5410537123680115 0.8398703932762146
1775793278.379038 1.2090080976486206 0.33430787920951843 0.17260169982910156 0.015692289918661118 -0.040328044444322586 -0.5410617589950562 0.8398692011833191
1775793278.445666 1.2087395191192627 0.33472493290901184 0.17274248600006104 0.015755491331219673 -0.040272265672683716 -0.5410705208778381 0.8398650884628296
1775793278.512199 1.208460807800293 0.3343760669231415 0.17334556579589844 0.015569900162518024 -0.04006241261959076 -0.5411006808280945 0.839859127998352
1775793278.579091 1.2077401876449585 0.33467137813568115 0.17422258853912354 0.015476765111088753 -0.03978544473648071 -0.5411260724067688 0.8398576378822327
1775793278.645680 1.2074718475341797 0.3345424234867096 0.17428433895111084 0.015465524978935719 -0.03975424915552139 -0.5410845875740051 0.8398860692977905
1775793278.745674 1.2071504592895508 0.3348935842514038 0.17463839054107666 0.015413365326821804 -0.03955402970314026 -0.5411367416381836 0.8398628830909729
1775793278.945565 1.2056936025619507 0.33564823865890503 0.17628490924835205 0.015202276408672333 -0.03904411569237709 -0.5411673784255981 0.839870810508728
1775793278.979070 1.2052977085113525 0.33582064509391785 0.17679810523986816 0.015092214569449425 -0.03887906298041344 -0.5411802530288696 0.8398721814155579
1775793279.079087 1.2049543857574463 0.3349924683570862 0.17743825912475586 0.014818532392382622 -0.038613684475421906 -0.5412024855613708 0.8398749828338623
1775793279.145568 1.2044923305511475 0.3348572850227356 0.17815983295440674 0.014689378440380096 -0.03835911303758621 -0.5412152409553528 0.8398807048797607
1775793279.212447 1.2041337490081787 0.33512821793556213 0.178397536277771 0.014756343327462673 -0.03826161101460457 -0.5411804914474487 0.8399063348770142
1775793279.279075 1.2033841609954834 0.3355376124382019 0.17891550064086914 0.014724230393767357 -0.03810383751988411 -0.5411603450775146 0.839927077293396
1775793279.345568 1.2033441066741943 0.3353658616542816 0.17912185192108154 0.014605292119085789 -0.038055483251810074 -0.5411723256111145 0.839923620223999
1775793279.412477 1.2030504941940308 0.3352961540222168 0.1795591115951538 0.014540080912411213 -0.037915732711553574 -0.5411850810050964 0.8399229049682617
1775793279.479092 1.2028930187225342 0.33576953411102295 0.1799381971359253 0.014541340060532093 -0.037780579179525375 -0.5412206053733826 0.8399060368537903
1775793279.545676 1.2024403810501099 0.33593249320983887 0.1801774501800537 0.014557477086782455 -0.037675369530916214 -0.5411915183067322 0.8399292230606079
1775793279.612463 1.201866626739502 0.3351036608219147 0.180761456489563 0.014309092424809933 -0.03746284544467926 -0.5411878228187561 0.8399453163146973
1775793279.679095 1.2022416591644287 0.3348185420036316 0.18046164512634277 0.014333364553749561 -0.037509605288505554 -0.5411905646324158 0.839941143989563
1775793279.745610 1.202147364616394 0.33476343750953674 0.18079078197479248 0.014201600104570389 -0.03737439960241318 -0.5412393808364868 0.8399178981781006
1775793279.812468 1.2018358707427979 0.33493974804878235 0.18118643760681152 0.014191241934895515 -0.03725788742303848 -0.5412524938583374 0.8399147987365723
1775793279.879080 1.2011916637420654 0.3352978527545929 0.18177533149719238 0.01410927064716816 -0.03704514354467392 -0.5412566065788269 0.8399229645729065
1775793279.945595 1.2007405757904053 0.3353146016597748 0.18200862407684326 0.014201045967638493 -0.03698594495654106 -0.5411336421966553 0.840003252029419
1775793280.012506 1.2005904912948608 0.33548885583877563 0.1826094388961792 0.013991032727062702 -0.03676632046699524 -0.5412644743919373 0.8399321436882019
1775793280.079627 1.2000800371170044 0.33537009358406067 0.18339037895202637 0.013804624788463116 -0.03653475269675255 -0.5412787199020386 0.8399361371994019
1775793280.145623 1.1997634172439575 0.3352234661579132 0.1836796998977661 0.013676737435162067 -0.03640187904238701 -0.5412833094596863 0.8399410247802734
1775793280.212499 1.199334979057312 0.3356081545352936 0.18410062789916992 0.013728597201406956 -0.03627559915184975 -0.5412222743034363 0.8399849534034729
1775793280.279107 1.1987462043762207 0.33603590726852417 0.18463099002838135 0.013590294867753983 -0.03608480840921402 -0.5412781834602356 0.839959442615509
1775793280.345603 1.1982825994491577 0.3355776369571686 0.18539559841156006 0.013415197841823101 -0.035842664539813995 -0.5412824749946594 0.8399698734283447
1775793280.479111 1.1984198093414307 0.3351842761039734 0.18521368503570557 0.013392886146903038 -0.035860899835824966 -0.5412821769714355 0.8399696350097656
1775793280.545639 1.1975593566894531 0.3353860080242157 0.18600797653198242 0.013242729008197784 -0.03563021868467331 -0.541276752948761 0.8399852514266968
1775793280.612507 1.1974401473999023 0.335692435503006 0.18585693836212158 0.013304583728313446 -0.035625964403152466 -0.5412655472755432 0.8399916887283325
1775793280.679016 1.1970032453536987 0.3360372483730316 0.18658077716827393 0.013247611001133919 -0.03543395176529884 -0.541319727897644 0.8399658203125
1775793280.712496 1.196744441986084 0.3361884355545044 0.18686985969543457 0.013205477967858315 -0.0353429950773716 -0.5413134098052979 0.8399744033813477
1775793280.812500 1.1966750621795654 0.3359646201133728 0.18703007698059082 0.01309998519718647 -0.03524557873606682 -0.541307270526886 0.839984118938446
1775793280.879002 1.1963801383972168 0.3358859419822693 0.18725311756134033 0.012973192147910595 -0.035164862871170044 -0.5413246750831604 0.8399782180786133
1775793280.945902 1.1958208084106445 0.3360655605792999 0.1878751516342163 0.012893406674265862 -0.03499918058514595 -0.5413122773170471 0.8399943709373474
1775793281.012694 1.195641040802002 0.3361322581768036 0.1882411241531372 0.012838472612202168 -0.03487016260623932 -0.541319727897644 0.839995801448822
1775793281.079038 1.1955405473709106 0.3357484042644501 0.1887829303741455 0.012650072574615479 -0.034650128334760666 -0.5413949489593506 0.8399592638015747
1775793281.145876 1.1952065229415894 0.3358842432498932 0.1891690492630005 0.012632228434085846 -0.034469522535800934 -0.5413899421691895 0.8399702310562134
1775793281.212532 1.194803237915039 0.3362630307674408 0.18963682651519775 0.01248396746814251 -0.03433779627084732 -0.5414450764656067 0.8399422764778137
1775793281.279028 1.1936590671539307 0.33631759881973267 0.19064080715179443 0.012321331538259983 -0.034051135182380676 -0.5414078235626221 0.8399803638458252
1775793281.345896 1.1937048435211182 0.3361702561378479 0.1907801628112793 0.012383488938212395 -0.0339830107986927 -0.5413734316825867 0.8400043249130249
1775793281.412640 1.193027377128601 0.3366696238517761 0.1911604404449463 0.01231253519654274 -0.03383876010775566 -0.5413694381713867 0.8400138020515442
1775793281.479014 1.1929346323013306 0.336679071187973 0.19139790534973145 0.012311763130128384 -0.03375335410237312 -0.541361927986145 0.840022087097168
1775793281.545901 1.192960262298584 0.3363893926143646 0.19134867191314697 0.012402134016156197 -0.03375024348497391 -0.5412872433662415 0.8400689959526062
1775793281.612533 1.1929632425308228 0.3364529609680176 0.1919029951095581 0.012269609607756138 -0.03357865288853645 -0.5413830876350403 0.8400160670280457
1775793281.679036 1.1924593448638916 0.3365076780319214 0.19209277629852295 0.012154944241046906 -0.03350135311484337 -0.5413805246353149 0.8400225043296814
1775793281.745912 1.1921825408935547 0.33682018518447876 0.19238018989562988 0.012182701379060745 -0.033386748284101486 -0.5413804054260254 0.8400267362594604
1775793281.812518 1.1919887065887451 0.3369084298610687 0.19274044036865234 0.012148585170507431 -0.03327517211437225 -0.5413857102394104 0.8400281667709351
1775793281.879076 1.1921167373657227 0.3365066945552826 0.19287943840026855 0.012070694006979465 -0.03321567922830582 -0.541398823261261 0.8400232791900635
1775793281.945895 1.1919013261795044 0.3369482159614563 0.19322431087493896 0.012156280688941479 -0.033112287521362305 -0.5414025783538818 0.8400236964225769
1775793282.012671 1.191351294517517 0.3368784487247467 0.19388675689697266 0.012050597928464413 -0.03293474763631821 -0.5413901209831238 0.8400402069091797
1775793282.145917 1.1914502382278442 0.3370661735534668 0.19334137439727783 0.012249019928276539 -0.03305218368768692 -0.5413252115249634 0.8400745391845703
1775793282.212546 1.1909719705581665 0.33688822388648987 0.19390273094177246 0.01199753675609827 -0.0328945592045784 -0.541335940361023 0.8400774598121643
1775793282.279039 1.1916239261627197 0.33655110001564026 0.19379520416259766 0.012078759260475636 -0.03289392590522766 -0.5413813591003418 0.8400470018386841
1775793282.412549 1.1913381814956665 0.3363981544971466 0.1938331127166748 0.01208116952329874 -0.03284848853945732 -0.5413180589675903 0.8400895595550537
1775793282.479187 1.1908808946609497 0.33717623353004456 0.19424211978912354 0.012076260522007942 -0.03275766968727112 -0.5413509607315063 0.8400720357894897
1775793282.545944 1.1908595561981201 0.3370167911052704 0.19401180744171143 0.012140877544879913 -0.03277852013707161 -0.5413267016410828 0.8400858640670776
1775793282.612480 1.190642237663269 0.33705681562423706 0.19443225860595703 0.012028341181576252 -0.032652147114276886 -0.5413355827331543 0.8400866985321045
1775793282.679596 1.1908023357391357 0.33676058053970337 0.19423234462738037 0.012065013870596886 -0.03268491104245186 -0.5413521528244019 0.8400742411613464
1775793282.745942 1.1902213096618652 0.3370992839336395 0.19478511810302734 0.011961997486650944 -0.03251019865274429 -0.5413566827774048 0.8400795459747314
1775793282.812454 1.1903622150421143 0.33742576837539673 0.19532859325408936 0.011872436851263046 -0.03237868472933769 -0.5414661169052124 0.8400153517723083
1775793282.879321 1.1901488304138184 0.3373117744922638 0.19568562507629395 0.01174169685691595 -0.03223450481891632 -0.5414800643920898 0.8400137424468994
1775793282.945941 1.1899479627609253 0.3376957178115845 0.1955876350402832 0.011831482872366905 -0.032239560037851334 -0.54146409034729 0.840022623538971
1775793283.012467 1.1900181770324707 0.33753740787506104 0.19564342498779297 0.011849252507090569 -0.03221002593636513 -0.5414645075798035 0.8400232195854187
1775793283.079356 1.1901063919067383 0.3373129367828369 0.1957007646560669 0.011810057796537876 -0.032161638140678406 -0.541487455368042 0.8400108814239502
1775793283.212459 1.1900068521499634 0.33702728152275085 0.19600820541381836 0.011823599226772785 -0.032003313302993774 -0.5414778590202332 0.84002286195755
1775793283.279347 1.1893956661224365 0.3376937806606293 0.196264386177063 0.011797267943620682 -0.031937506049871445 -0.541469931602478 0.8400309085845947
1775793283.412479 1.188960075378418 0.3376792371273041 0.19685041904449463 0.011784247122704983 -0.03172118589282036 -0.5414708256721497 0.8400386571884155
1775793283.479387 1.1887024641036987 0.33778905868530273 0.19724667072296143 0.01190122775733471 -0.03158466890454292 -0.5414103269577026 0.8400812149047852
1775793283.546257 1.1887482404708862 0.3380695879459381 0.1974550485610962 0.011877399869263172 -0.031514011323451996 -0.5414488911628723 0.8400592803955078
1775793283.612530 1.1879303455352783 0.3388080596923828 0.19778990745544434 0.011964143253862858 -0.03141181170940399 -0.5413875579833984 0.8401013612747192
1775793283.679868 1.188340663909912 0.3386930823326111 0.19775164127349854 0.011970345862209797 -0.03140614554286003 -0.5414137840270996 0.8400846719741821
1775793283.745973 1.1881879568099976 0.3389003276824951 0.1978527307510376 0.01192158181220293 -0.03137131407856941 -0.5414273738861084 0.8400778770446777
1775793283.812470 1.1878912448883057 0.3391647934913635 0.19809746742248535 0.011959508061408997 -0.03131109103560448 -0.5414109826087952 0.8400900959968567
1775793283.879362 1.187618374824524 0.33897989988327026 0.19854497909545898 0.011879698373377323 -0.03117714449763298 -0.5414149165153503 0.840093731880188
1775793283.945968 1.1874048709869385 0.3392041325569153 0.19884800910949707 0.011889971792697906 -0.031090782955288887 -0.5414384603500366 0.8400816321372986
1775793284.012508 1.18760085105896 0.3385923504829407 0.1988375186920166 0.011830717325210571 -0.03106619417667389 -0.5414118766784668 0.8401004672050476
1775793284.079367 1.1874666213989258 0.3388058543205261 0.19871306419372559 0.011851364746689796 -0.03106776438653469 -0.5414178967475891 0.8400962352752686
1775793284.145994 1.1872835159301758 0.33878985047340393 0.199041485786438 0.01177753321826458 -0.030970066785812378 -0.5414282083511353 0.840094268321991
1775793284.212623 1.1874772310256958 0.3387255072593689 0.19901049137115479 0.01167968288064003 -0.030926618725061417 -0.5414881706237793 0.8400585651397705
1775793284.279369 1.1870862245559692 0.3394191265106201 0.19926118850708008 0.011796357110142708 -0.030824288725852966 -0.5414718985557556 0.8400712013244629
1775793284.345865 1.186724066734314 0.3393554985523224 0.1995713710784912 0.011601190082728863 -0.030729183927178383 -0.5415011048316956 0.8400585651397705
1775793284.413669 1.1866247653961182 0.33962783217430115 0.19998550415039062 0.011694752611219883 -0.03062182292342186 -0.5415195822715759 0.8400493264198303
1775793284.479350 1.1865758895874023 0.3395310044288635 0.19995415210723877 0.011732756160199642 -0.030584203079342842 -0.5414750576019287 0.8400788307189941
